SN=6333123220238
      153	2018-01-26 07:27:39	1	0	1	0
      137	2018-01-26 07:37:25	1	0	1	0
      123	2018-01-26 07:37:50	1	0	1	0
      137	2018-01-26 07:43:45	1	0	1	0
      145	2018-01-26 07:49:19	1	0	1	0
      104	2018-01-26 07:54:14	1	0	1	0
      117	2018-01-26 08:03:17	1	0	1	0
      115	2018-01-26 08:10:01	1	0	1	0
      132	2018-01-26 08:10:18	1	0	1	0
      143	2018-01-26 08:15:46	1	0	1	0
       92	2018-01-26 08:16:42	1	0	1	0
      141	2018-01-26 08:19:20	1	0	1	0
      152	2018-01-26 08:19:26	1	0	1	0
      125	2018-01-26 08:21:28	1	0	1	0
      128	2018-01-26 08:25:45	1	0	1	0
       96	2018-01-26 08:27:30	1	0	1	0
      133	2018-01-26 08:30:49	1	0	1	0
      111	2018-01-26 08:31:48	1	0	1	0
       69	2018-01-26 08:34:02	1	0	1	0
      121	2018-01-26 08:36:06	1	0	1	0
      101	2018-01-26 08:36:40	1	0	1	0
      131	2018-01-26 08:44:34	1	0	1	0
       48	2018-01-26 08:44:52	1	0	1	0
      124	2018-01-26 08:48:53	1	0	1	0
       13	2018-01-26 08:50:29	1	0	1	0
       13	2018-01-26 08:50:31	1	0	1	0
      116	2018-01-26 08:50:57	1	0	1	0
        4	2018-01-26 08:54:11	1	0	1	0
      144	2018-01-26 08:54:21	1	0	1	0
      136	2018-01-26 08:56:39	1	0	1	0
      107	2018-01-26 09:09:35	1	0	1	0
       88	2018-01-26 09:13:24	1	0	1	0
      108	2018-01-26 09:23:36	1	0	1	0
      142	2018-01-26 09:27:45	1	0	1	0
      118	2018-01-26 09:35:34	1	0	1	0
       74	2018-01-26 09:43:05	1	0	1	0
      122	2018-01-26 09:45:31	1	0	1	0
      103	2018-01-26 10:14:08	1	0	1	0
      151	2018-01-26 10:24:55	1	0	1	0
       88	2018-01-26 18:25:50	1	1	1	0
      122	2018-01-26 18:30:48	1	1	1	0
      145	2018-01-26 18:31:01	1	1	1	0
      145	2018-01-26 18:31:04	1	1	1	0
      107	2018-01-26 18:31:10	1	1	1	0
      143	2018-01-26 18:31:43	1	1	1	0
      137	2018-01-26 18:31:48	1	1	1	0
       69	2018-01-26 18:34:29	1	1	1	0
      103	2018-01-26 18:34:37	1	1	1	0
      141	2018-01-26 18:36:05	1	1	1	0
      111	2018-01-26 18:36:53	1	1	1	0
      153	2018-01-26 18:37:07	1	1	1	0
      152	2018-01-26 18:38:15	1	1	1	0
      104	2018-01-26 18:38:25	1	1	1	0
       98	2018-01-26 18:39:15	1	1	1	0
      124	2018-01-26 18:51:01	1	1	1	0
      129	2018-01-26 18:51:12	1	1	1	0
      128	2018-01-26 18:52:14	1	1	1	0
      121	2018-01-26 18:52:23	1	0	1	0
       97	2018-01-26 18:55:48	1	1	1	0
      123	2018-01-26 18:55:54	1	1	1	0
       48	2018-01-26 18:56:02	1	1	1	0
      120	2018-01-26 18:57:18	1	1	1	0
      116	2018-01-26 18:59:16	1	1	1	0
       96	2018-01-26 18:59:40	1	1	1	0
      115	2018-01-26 19:02:06	1	1	1	0
        4	2018-01-26 19:02:24	1	1	1	0
       13	2018-01-26 19:05:31	1	1	1	0
       13	2018-01-26 19:05:33	1	1	1	0
      133	2018-01-26 19:06:43	1	1	1	0
      131	2018-01-26 19:06:48	1	1	1	0
      131	2018-01-26 19:06:49	1	1	1	0
      132	2018-01-26 19:07:00	1	1	1	0
      132	2018-01-26 19:07:04	1	1	1	0
      136	2018-01-26 19:07:12	1	1	1	0
      144	2018-01-26 19:07:31	1	1	1	0
      125	2018-01-26 19:07:33	1	1	1	0
      108	2018-01-26 19:12:05	1	1	1	0
      149	2018-01-26 19:25:38	1	1	1	0
      118	2018-01-26 19:39:59	1	1	1	0
      118	2018-01-26 19:40:01	1	1	1	0
      151	2018-01-26 19:40:30	1	1	1	0
       55	2018-01-26 20:18:14	1	1	1	0
       78	2018-01-26 20:20:58	1	1	1	0
      101	2018-01-26 21:09:02	1	1	1	0
       74	2018-01-26 21:09:25	1	1	1	0
      142	2018-01-26 21:09:30	1	1	1	0
       92	2018-01-26 21:09:51	1	1	1	0
       74	2018-01-27 10:25:53	1	0	1	0
       74	2018-01-27 19:47:38	1	1	1	0
      153	2018-01-29 07:14:20	1	0	1	0
       69	2018-01-29 07:19:56	1	0	1	0
      137	2018-01-29 07:25:01	1	0	1	0
      140	2018-01-29 07:27:00	1	0	1	0
      145	2018-01-29 07:43:50	1	0	1	0
      145	2018-01-29 07:45:14	1	0	1	0
       55	2018-01-29 07:45:42	1	0	1	0
       92	2018-01-29 07:48:25	1	0	1	0
      115	2018-01-29 08:00:09	1	0	1	0
      117	2018-01-29 08:01:58	1	0	1	0
      143	2018-01-29 08:04:00	1	0	1	0
      111	2018-01-29 08:12:16	1	0	1	0
      111	2018-01-29 08:12:18	1	0	1	0
       97	2018-01-29 08:14:46	1	0	1	0
      152	2018-01-29 08:17:27	1	0	1	0
      132	2018-01-29 08:17:47	1	0	1	0
      128	2018-01-29 08:19:40	1	0	1	0
      133	2018-01-29 08:20:34	1	0	1	0
      104	2018-01-29 08:21:28	1	0	1	0
      141	2018-01-29 08:22:26	1	0	1	0
      123	2018-01-29 08:23:29	1	0	1	0
      125	2018-01-29 08:23:33	1	0	1	0
      116	2018-01-29 08:29:54	1	0	1	0
       43	2018-01-29 08:31:36	1	0	1	0
        4	2018-01-29 08:35:43	1	0	1	0
      136	2018-01-29 08:42:51	1	0	1	0
      131	2018-01-29 08:44:27	1	0	1	0
       13	2018-01-29 08:48:11	1	0	1	0
       13	2018-01-29 08:48:12	1	0	1	0
       85	2018-01-29 08:49:25	1	0	1	0
       48	2018-01-29 08:50:03	1	0	1	0
       96	2018-01-29 09:04:04	1	0	1	0
       88	2018-01-29 09:09:22	1	0	1	0
      108	2018-01-29 09:12:10	1	0	1	0
      120	2018-01-29 09:18:20	1	0	1	0
      129	2018-01-29 09:22:05	1	0	1	0
      122	2018-01-29 09:23:40	1	0	1	0
      101	2018-01-29 09:32:46	1	0	1	0
      103	2018-01-29 09:38:37	1	0	1	0
       74	2018-01-29 09:58:43	1	0	1	0
      107	2018-01-29 10:41:07	1	0	1	0
      151	2018-01-29 10:49:40	1	0	1	0
      142	2018-01-29 12:30:52	1	0	1	0
      137	2018-01-29 18:30:15	1	0	1	0
      125	2018-01-29 18:30:36	1	1	1	0
      143	2018-01-29 18:30:58	1	1	1	0
      145	2018-01-29 18:31:13	1	0	1	0
      145	2018-01-29 18:31:16	1	1	1	0
      145	2018-01-29 18:31:18	1	1	1	0
      107	2018-01-29 18:31:24	1	1	1	0
      117	2018-01-29 18:31:32	1	1	1	0
      132	2018-01-29 18:31:39	1	1	1	0
      104	2018-01-29 18:31:44	1	1	1	0
      122	2018-01-29 18:31:51	1	1	1	0
       88	2018-01-29 18:32:01	1	1	1	0
      131	2018-01-29 18:32:10	1	1	1	0
      152	2018-01-29 18:32:22	1	1	1	0
      128	2018-01-29 18:33:09	1	1	1	0
       43	2018-01-29 18:33:17	1	1	1	0
      103	2018-01-29 18:33:22	1	1	1	0
       97	2018-01-29 18:33:26	1	1	1	0
      120	2018-01-29 18:33:29	1	1	1	0
      136	2018-01-29 18:33:34	1	1	1	0
      123	2018-01-29 18:33:38	1	1	1	0
      116	2018-01-29 18:33:46	1	1	1	0
      129	2018-01-29 18:33:55	1	1	1	0
       48	2018-01-29 18:34:44	1	1	1	0
      140	2018-01-29 18:34:56	1	1	1	0
       93	2018-01-29 18:35:03	1	1	1	0
       48	2018-01-29 18:36:49	1	1	1	0
      108	2018-01-29 18:38:33	1	1	1	0
      133	2018-01-29 18:38:45	1	1	1	0
        4	2018-01-29 18:40:25	1	1	1	0
      141	2018-01-29 18:41:14	1	1	1	0
       92	2018-01-29 18:41:19	1	1	1	0
       69	2018-01-29 18:41:26	1	1	1	0
      142	2018-01-29 18:42:06	1	1	1	0
      115	2018-01-29 18:45:09	1	1	1	0
       78	2018-01-29 19:50:15	1	1	1	0
       96	2018-01-29 19:54:32	1	1	1	0
      101	2018-01-29 20:14:30	1	1	1	0
       55	2018-01-29 20:20:09	1	1	1	0
      149	2018-01-29 20:22:24	1	1	1	0
       13	2018-01-29 20:24:42	1	1	1	0
       13	2018-01-29 20:24:44	1	1	1	0
      151	2018-01-29 20:26:23	1	1	1	0
       74	2018-01-29 20:27:32	1	1	1	0
       85	2018-01-29 21:25:44	1	1	1	0
      153	2018-01-30 07:14:01	1	0	1	0
      137	2018-01-30 07:26:37	1	0	1	0
      140	2018-01-30 07:29:12	1	0	1	0
      123	2018-01-30 07:46:23	1	0	1	0
       97	2018-01-30 07:50:19	1	0	1	0
      104	2018-01-30 08:08:11	1	0	1	0
      143	2018-01-30 08:08:16	1	0	1	0
      115	2018-01-30 08:12:26	1	0	1	0
      111	2018-01-30 08:15:35	1	0	1	0
      132	2018-01-30 08:16:09	1	0	1	0
       69	2018-01-30 08:19:52	1	0	1	0
       92	2018-01-30 08:20:18	1	0	1	0
      145	2018-01-30 08:21:40	1	0	1	0
      145	2018-01-30 08:21:42	1	0	1	0
      107	2018-01-30 08:24:47	1	0	1	0
      141	2018-01-30 08:25:31	1	0	1	0
      125	2018-01-30 08:25:40	1	0	1	0
      128	2018-01-30 08:26:05	1	0	1	0
      152	2018-01-30 08:32:08	1	0	1	0
      101	2018-01-30 08:33:40	1	0	1	0
      133	2018-01-30 08:35:10	1	0	1	0
       13	2018-01-30 08:38:45	1	0	1	0
       13	2018-01-30 08:38:48	1	0	1	0
       13	2018-01-30 08:38:50	1	0	1	0
      116	2018-01-30 08:39:57	1	0	1	0
      136	2018-01-30 08:41:02	1	0	1	0
       43	2018-01-30 08:46:22	1	0	1	0
       93	2018-01-30 08:47:10	1	0	1	0
      124	2018-01-30 08:48:28	1	0	1	0
       48	2018-01-30 08:53:04	1	0	1	0
        4	2018-01-30 08:53:16	1	0	1	0
      142	2018-01-30 08:54:34	1	0	1	0
       96	2018-01-30 09:01:03	1	0	1	0
      144	2018-01-30 09:03:56	1	0	1	0
      131	2018-01-30 09:05:39	1	0	1	0
      108	2018-01-30 09:09:16	1	0	1	0
      103	2018-01-30 09:21:39	1	0	1	0
      122	2018-01-30 09:45:59	1	0	1	0
      129	2018-01-30 09:56:56	1	0	1	0
       74	2018-01-30 09:59:24	1	0	1	0
      118	2018-01-30 10:17:58	1	0	1	0
      151	2018-01-30 10:36:15	1	0	1	0
      122	2018-01-30 15:35:23	1	1	1	0
      125	2018-01-30 18:31:13	1	1	1	0
       93	2018-01-30 18:31:21	1	1	1	0
      145	2018-01-30 18:31:37	1	1	1	0
      104	2018-01-30 18:31:58	1	1	1	0
      144	2018-01-30 18:32:13	1	1	1	0
      131	2018-01-30 18:32:24	1	1	1	0
      136	2018-01-30 18:32:29	1	1	1	0
      123	2018-01-30 18:32:49	1	1	1	0
      143	2018-01-30 18:33:15	1	1	1	0
       98	2018-01-30 18:33:29	1	1	1	0
      132	2018-01-30 18:33:45	1	1	1	0
      152	2018-01-30 18:34:04	1	1	1	0
      137	2018-01-30 18:34:15	1	1	1	0
      143	2018-01-30 18:34:46	1	1	1	0
       43	2018-01-30 18:36:48	1	1	1	0
      103	2018-01-30 18:36:54	1	1	1	0
      115	2018-01-30 18:37:00	1	1	1	0
      117	2018-01-30 18:37:34	1	0	1	0
      117	2018-01-30 18:37:40	1	1	1	0
      142	2018-01-30 18:38:00	1	1	1	0
      141	2018-01-30 18:38:51	1	1	1	0
       69	2018-01-30 18:39:24	1	1	1	0
      128	2018-01-30 18:39:31	1	1	1	0
      153	2018-01-30 18:39:35	1	1	1	0
      107	2018-01-30 18:39:40	1	1	1	0
      108	2018-01-30 18:39:50	1	1	1	0
      116	2018-01-30 18:40:11	1	1	1	0
       97	2018-01-30 18:40:58	1	0	1	0
       97	2018-01-30 18:41:03	1	1	1	0
      140	2018-01-30 18:41:38	1	1	1	0
      133	2018-01-30 18:50:27	1	1	1	0
       48	2018-01-30 18:50:41	1	1	1	0
       92	2018-01-30 19:03:46	1	1	1	0
        4	2018-01-30 19:24:39	1	1	1	0
       78	2018-01-30 19:52:26	1	1	1	0
       96	2018-01-30 19:52:37	1	1	1	0
      151	2018-01-30 19:57:00	1	1	1	0
       55	2018-01-30 19:57:16	1	1	1	0
      118	2018-01-30 19:57:24	1	1	1	0
      151	2018-01-30 19:57:59	1	1	1	0
      118	2018-01-30 20:03:01	1	1	1	0
       13	2018-01-30 20:14:12	1	1	1	0
       74	2018-01-30 21:06:24	1	1	1	0
      104	2018-01-31 06:52:24	1	0	1	0
      123	2018-01-31 07:15:09	1	0	1	0
      153	2018-01-31 07:25:34	1	0	1	0
      137	2018-01-31 07:25:51	1	0	1	0
      140	2018-01-31 07:30:41	1	0	1	0
      145	2018-01-31 07:40:37	1	0	1	0
      145	2018-01-31 07:40:39	1	0	1	0
       97	2018-01-31 07:59:53	1	0	1	0
      115	2018-01-31 08:06:08	1	0	1	0
      141	2018-01-31 08:13:27	1	0	1	0
       92	2018-01-31 08:14:23	1	0	1	0
      111	2018-01-31 08:16:30	1	0	1	0
      143	2018-01-31 08:16:50	1	0	1	0
      124	2018-01-31 08:19:12	1	0	1	0
      132	2018-01-31 08:21:17	1	0	1	0
      125	2018-01-31 08:22:29	1	0	1	0
       69	2018-01-31 08:23:17	1	0	1	0
      128	2018-01-31 08:26:21	1	0	1	0
      152	2018-01-31 08:29:53	1	0	1	0
      152	2018-01-31 08:29:55	1	0	1	0
      133	2018-01-31 08:35:39	1	0	1	0
      107	2018-01-31 08:44:13	1	0	1	0
       13	2018-01-31 08:46:08	1	0	1	0
       43	2018-01-31 08:46:43	1	0	1	0
       48	2018-01-31 08:54:18	1	0	1	0
      144	2018-01-31 08:54:34	1	0	1	0
        4	2018-01-31 08:56:23	1	0	1	0
      142	2018-01-31 08:57:14	1	0	1	0
      108	2018-01-31 08:59:28	1	0	1	0
       88	2018-01-31 09:01:34	1	0	1	0
       93	2018-01-31 09:02:32	1	0	1	0
      120	2018-01-31 09:06:45	1	0	1	0
       96	2018-01-31 09:40:57	1	0	1	0
      103	2018-01-31 09:51:00	1	0	1	0
       98	2018-01-31 09:52:01	1	0	1	0
      118	2018-01-31 09:56:12	1	0	1	0
       74	2018-01-31 10:06:58	1	0	1	0
      116	2018-01-31 12:54:42	1	0	1	0
      143	2018-01-31 18:31:07	1	1	1	0
      145	2018-01-31 18:33:51	1	1	1	0
      145	2018-01-31 18:33:54	1	1	1	0
      104	2018-01-31 18:34:11	1	1	1	0
       43	2018-01-31 18:34:21	1	1	1	0
      125	2018-01-31 18:35:22	1	1	1	0
      144	2018-01-31 18:35:26	1	1	1	0
      107	2018-01-31 18:36:13	1	1	1	0
      141	2018-01-31 18:37:03	1	1	1	0
      137	2018-01-31 18:37:11	1	1	1	0
       98	2018-01-31 18:37:22	1	1	1	0
      152	2018-01-31 18:37:32	1	1	1	0
      153	2018-01-31 18:38:33	1	0	1	0
      108	2018-01-31 18:40:26	1	1	1	0
       93	2018-01-31 18:40:38	1	1	1	0
      140	2018-01-31 18:40:44	1	1	1	0
      142	2018-01-31 18:45:05	1	1	1	0
      136	2018-01-31 18:48:50	1	1	1	0
      123	2018-01-31 18:49:26	1	1	1	0
       97	2018-01-31 18:49:44	1	1	1	0
      116	2018-01-31 18:52:37	1	1	1	0
      118	2018-01-31 18:57:00	1	1	1	0
      118	2018-01-31 18:57:02	1	1	1	0
      115	2018-01-31 18:59:13	1	1	1	0
       48	2018-01-31 19:04:34	1	1	1	0
      133	2018-01-31 19:04:48	1	1	1	0
       78	2018-01-31 19:15:55	1	1	1	0
       96	2018-01-31 19:16:20	1	1	1	0
      149	2018-01-31 20:17:57	1	1	1	0
       55	2018-01-31 20:18:13	1	1	1	0
       69	2018-01-31 20:41:51	1	1	1	0
       92	2018-01-31 20:42:02	1	1	1	0
       13	2018-01-31 20:57:12	1	1	1	0
        4	2018-01-31 21:16:25	1	1	1	0
      137	2018-02-01 07:13:25	1	0	1	0
      153	2018-02-01 07:15:30	1	0	1	0
      140	2018-02-01 07:16:13	1	0	1	0
      123	2018-02-01 07:18:10	1	0	1	0
      145	2018-02-01 07:34:46	1	0	1	0
      104	2018-02-01 08:00:15	1	0	1	0
      141	2018-02-01 08:13:06	1	0	1	0
       92	2018-02-01 08:13:11	1	0	1	0
       97	2018-02-01 08:15:31	1	0	1	0
      115	2018-02-01 08:17:10	1	0	1	0
       96	2018-02-01 08:18:07	1	0	1	0
      111	2018-02-01 08:18:59	1	0	1	0
      143	2018-02-01 08:19:37	1	0	1	0
       13	2018-02-01 08:21:32	1	0	1	0
       13	2018-02-01 08:21:34	1	0	1	0
       13	2018-02-01 08:21:36	1	0	1	0
       69	2018-02-01 08:24:04	1	0	1	0
      125	2018-02-01 08:24:07	1	0	1	0
      128	2018-02-01 08:24:16	1	0	1	0
      125	2018-02-01 08:25:17	1	0	1	0
      125	2018-02-01 08:25:19	1	0	1	0
      144	2018-02-01 08:38:11	1	0	1	0
       43	2018-02-01 08:41:30	1	0	1	0
      116	2018-02-01 08:44:25	1	0	1	0
        4	2018-02-01 08:51:47	1	0	1	0
       85	2018-02-01 08:54:55	1	0	1	0
      142	2018-02-01 08:59:04	1	0	1	0
      120	2018-02-01 09:10:17	1	0	1	0
      120	2018-02-01 09:10:18	1	0	1	0
      108	2018-02-01 09:13:23	1	0	1	0
       88	2018-02-01 09:18:57	1	0	1	0
       74	2018-02-01 09:28:45	1	0	1	0
      101	2018-02-01 09:49:27	1	0	1	0
      118	2018-02-01 10:20:42	1	0	1	0
      151	2018-02-01 10:55:44	1	0	1	0
      152	2018-02-01 11:23:13	1	0	1	0
      107	2018-02-01 13:24:00	1	0	1	0
      136	2018-02-01 18:31:25	1	1	1	0
      131	2018-02-01 18:31:30	1	1	1	0
      132	2018-02-01 18:31:40	1	1	1	0
      123	2018-02-01 18:31:48	1	1	1	0
      144	2018-02-01 18:31:54	1	1	1	0
       97	2018-02-01 18:31:57	1	1	1	0
      152	2018-02-01 18:32:39	1	1	1	0
      125	2018-02-01 18:32:48	1	1	1	0
      145	2018-02-01 18:32:50	1	1	1	0
      145	2018-02-01 18:32:52	1	0	1	0
      145	2018-02-01 18:32:59	1	1	1	0
      137	2018-02-01 18:33:07	1	1	1	0
      140	2018-02-01 18:33:12	1	1	1	0
      153	2018-02-01 18:34:03	1	0	1	0
      107	2018-02-01 18:34:50	1	1	1	0
      117	2018-02-01 18:36:31	1	1	1	0
      121	2018-02-01 18:36:49	1	1	1	0
      120	2018-02-01 18:37:16	1	1	1	0
      115	2018-02-01 18:37:22	1	1	1	0
      143	2018-02-01 18:37:35	1	1	1	0
      133	2018-02-01 18:38:09	1	1	1	0
      108	2018-02-01 18:39:02	1	1	1	0
      128	2018-02-01 18:39:59	1	1	1	0
      116	2018-02-01 18:40:07	1	1	1	0
      101	2018-02-01 18:40:31	1	1	1	0
       43	2018-02-01 18:44:40	1	1	1	0
      142	2018-02-01 18:51:05	1	1	1	0
      141	2018-02-01 18:51:11	1	1	1	0
      111	2018-02-01 18:51:16	1	1	1	0
       74	2018-02-01 18:54:14	1	1	1	0
      118	2018-02-01 19:00:10	1	1	1	0
      151	2018-02-01 19:00:18	1	1	1	0
       96	2018-02-01 19:35:09	1	1	1	0
       78	2018-02-01 19:36:49	1	1	1	0
       78	2018-02-01 19:36:58	1	1	1	0
      149	2018-02-01 21:09:07	1	1	1	0
       55	2018-02-01 21:10:41	1	1	1	0
       69	2018-02-01 22:12:40	1	1	1	0
       92	2018-02-01 22:12:44	1	1	1	0
        4	2018-02-01 22:17:29	1	1	1	0
      104	2018-02-02 07:16:41	1	0	1	0
      153	2018-02-02 07:17:49	1	0	1	0
      137	2018-02-02 07:31:51	1	0	1	0
      145	2018-02-02 07:40:47	1	0	1	0
      140	2018-02-02 07:40:56	1	0	1	0
      123	2018-02-02 07:44:22	1	0	1	0
      117	2018-02-02 08:08:47	1	0	1	0
      143	2018-02-02 08:10:56	1	0	1	0
      115	2018-02-02 08:11:40	1	0	1	0
      111	2018-02-02 08:19:09	1	0	1	0
       43	2018-02-02 08:20:26	1	0	1	0
      132	2018-02-02 08:20:36	1	0	1	0
      116	2018-02-02 08:21:31	1	0	1	0
      152	2018-02-02 08:21:50	1	0	1	0
      144	2018-02-02 08:22:04	1	0	1	0
       92	2018-02-02 08:22:15	1	0	1	0
       97	2018-02-02 08:23:50	1	0	1	0
      128	2018-02-02 08:24:34	1	0	1	0
       69	2018-02-02 08:26:35	1	0	1	0
      141	2018-02-02 08:27:13	1	0	1	0
      101	2018-02-02 08:28:07	1	0	1	0
      124	2018-02-02 08:29:37	1	0	1	0
      125	2018-02-02 08:33:44	1	0	1	0
       96	2018-02-02 08:34:01	1	0	1	0
      133	2018-02-02 08:46:12	1	0	1	0
       13	2018-02-02 08:52:57	1	0	1	0
       13	2018-02-02 08:52:59	1	0	1	0
        4	2018-02-02 08:55:31	1	0	1	0
       55	2018-02-02 08:58:29	1	0	1	0
      131	2018-02-02 09:02:52	1	0	1	0
      103	2018-02-02 09:05:14	1	0	1	0
       48	2018-02-02 09:13:11	1	0	1	0
      142	2018-02-02 09:16:44	1	0	1	0
      107	2018-02-02 09:18:54	1	0	1	0
      108	2018-02-02 09:28:38	1	0	1	0
       74	2018-02-02 09:56:31	1	0	1	0
      120	2018-02-02 09:58:32	1	0	1	0
      118	2018-02-02 10:27:38	1	0	1	0
      151	2018-02-02 10:43:30	1	0	1	0
       55	2018-02-02 15:11:43	1	1	1	0
      144	2018-02-02 18:30:47	1	1	1	0
       43	2018-02-02 18:30:52	1	1	1	0
      125	2018-02-02 18:31:00	1	1	1	0
      104	2018-02-02 18:31:10	1	1	1	0
      140	2018-02-02 18:31:22	1	1	1	0
      131	2018-02-02 18:31:27	1	1	1	0
      145	2018-02-02 18:31:50	1	1	1	0
      137	2018-02-02 18:32:28	1	1	1	0
       93	2018-02-02 18:32:36	1	1	1	0
      128	2018-02-02 18:32:42	1	1	1	0
      117	2018-02-02 18:33:01	1	1	1	0
      123	2018-02-02 18:33:35	1	1	1	0
      107	2018-02-02 18:33:40	1	1	1	0
      132	2018-02-02 18:33:44	1	1	1	0
      136	2018-02-02 18:33:51	1	1	1	0
      152	2018-02-02 18:34:34	1	1	1	0
      143	2018-02-02 18:34:39	1	1	1	0
      153	2018-02-02 18:34:56	1	1	1	0
       97	2018-02-02 18:37:20	1	0	1	0
       97	2018-02-02 18:37:25	1	1	1	0
      120	2018-02-02 18:38:14	1	1	1	0
       48	2018-02-02 18:39:22	1	1	1	0
      133	2018-02-02 18:39:28	1	1	1	0
      115	2018-02-02 18:39:33	1	1	1	0
      116	2018-02-02 18:39:49	1	1	1	0
      111	2018-02-02 18:39:54	1	1	1	0
      141	2018-02-02 18:39:58	1	1	1	0
       92	2018-02-02 18:40:02	1	1	1	0
       69	2018-02-02 18:40:07	1	1	1	0
      103	2018-02-02 18:42:23	1	1	1	0
      108	2018-02-02 18:48:46	1	1	1	0
      151	2018-02-02 18:49:09	1	1	1	0
      118	2018-02-02 18:49:51	1	1	1	0
      118	2018-02-02 18:49:54	1	1	1	0
      118	2018-02-02 18:49:59	1	1	1	0
        4	2018-02-02 19:00:55	1	1	1	0
       74	2018-02-02 19:33:31	1	1	1	0
       96	2018-02-02 19:49:39	1	1	1	0
       78	2018-02-02 19:51:28	1	1	1	0
      101	2018-02-02 20:18:15	1	1	1	0
      142	2018-02-02 20:19:01	1	1	1	0
       13	2018-02-02 20:28:37	1	1	1	0
       13	2018-02-02 20:28:39	1	1	1	0
      149	2018-02-02 20:28:44	1	1	1	0
      137	2018-02-05 07:10:31	1	0	1	0
      140	2018-02-05 07:11:40	1	0	1	0
      153	2018-02-05 07:20:39	1	0	1	0
      123	2018-02-05 07:21:45	1	0	1	0
       69	2018-02-05 07:32:55	1	0	1	0
       92	2018-02-05 07:45:04	1	0	1	0
      145	2018-02-05 07:45:51	1	0	1	0
      145	2018-02-05 07:45:53	1	0	1	0
       55	2018-02-05 07:46:01	1	0	1	0
      104	2018-02-05 07:53:07	1	0	1	0
       13	2018-02-05 07:57:28	1	0	1	0
       13	2018-02-05 07:57:30	1	0	1	0
      117	2018-02-05 07:58:02	1	0	1	0
      115	2018-02-05 08:10:51	1	0	1	0
      125	2018-02-05 08:15:28	1	0	1	0
      128	2018-02-05 08:16:02	1	0	1	0
      125	2018-02-05 08:17:33	1	0	1	0
      141	2018-02-05 08:17:38	1	0	1	0
       88	2018-02-05 08:21:52	1	0	1	0
        4	2018-02-05 08:23:06	1	0	1	0
       97	2018-02-05 08:23:26	1	0	1	0
       97	2018-02-05 08:23:27	1	0	1	0
      132	2018-02-05 08:23:32	1	0	1	0
      152	2018-02-05 08:24:33	1	0	1	0
      143	2018-02-05 08:26:19	1	0	1	0
      111	2018-02-05 08:28:26	1	0	1	0
      136	2018-02-05 08:29:49	1	0	1	0
       43	2018-02-05 08:34:15	1	0	1	0
       93	2018-02-05 08:34:20	1	0	1	0
      124	2018-02-05 08:36:02	1	0	1	0
      133	2018-02-05 08:36:07	1	0	1	0
      116	2018-02-05 08:37:20	1	0	1	0
       48	2018-02-05 08:43:32	1	0	1	0
       96	2018-02-05 08:49:05	1	0	1	0
      131	2018-02-05 08:55:43	1	0	1	0
      142	2018-02-05 09:04:18	1	0	1	0
      107	2018-02-05 09:16:51	1	0	1	0
      108	2018-02-05 09:22:02	1	0	1	0
      120	2018-02-05 09:23:34	1	0	1	0
       74	2018-02-05 09:24:35	1	0	1	0
      103	2018-02-05 09:52:43	1	0	1	0
      118	2018-02-05 10:40:28	1	0	1	0
      144	2018-02-05 10:42:09	1	0	1	0
      125	2018-02-05 18:30:04	1	1	1	0
      144	2018-02-05 18:30:07	1	1	1	0
      145	2018-02-05 18:30:10	1	1	1	0
      145	2018-02-05 18:30:12	1	1	1	0
      131	2018-02-05 18:30:16	1	1	1	0
      104	2018-02-05 18:30:19	1	1	1	0
      104	2018-02-05 18:30:21	1	1	1	0
      143	2018-02-05 18:30:34	1	1	1	0
      136	2018-02-05 18:30:48	1	1	1	0
      137	2018-02-05 18:30:55	1	1	1	0
      128	2018-02-05 18:31:07	1	1	1	0
      132	2018-02-05 18:31:25	1	1	1	0
       43	2018-02-05 18:31:39	1	1	1	0
       88	2018-02-05 18:31:49	1	1	1	0
      153	2018-02-05 18:31:55	1	1	1	0
      140	2018-02-05 18:32:16	1	1	1	0
      107	2018-02-05 18:35:24	1	1	1	0
      116	2018-02-05 18:36:18	1	1	1	0
      103	2018-02-05 18:36:48	1	1	1	0
      123	2018-02-05 18:36:54	1	1	1	0
        4	2018-02-05 18:37:08	1	1	1	0
      117	2018-02-05 18:37:29	1	1	1	0
       69	2018-02-05 18:38:43	1	1	1	0
      111	2018-02-05 18:38:49	1	1	1	0
      120	2018-02-05 18:39:08	1	1	1	0
       97	2018-02-05 18:40:14	1	1	1	0
      141	2018-02-05 18:41:44	1	1	1	0
      142	2018-02-05 18:46:19	1	1	1	0
       93	2018-02-05 18:48:31	1	1	1	0
       92	2018-02-05 18:48:57	1	1	1	0
      133	2018-02-05 18:49:00	1	1	1	0
      108	2018-02-05 18:49:12	1	1	1	0
      115	2018-02-05 18:49:17	1	1	1	0
       48	2018-02-05 18:54:43	1	1	1	0
      118	2018-02-05 18:58:36	1	1	1	0
       78	2018-02-05 19:08:37	1	1	1	0
       96	2018-02-05 19:08:50	1	1	1	0
      107	2018-02-05 19:11:32	1	1	1	0
       74	2018-02-05 19:44:00	1	1	1	0
       13	2018-02-05 19:54:42	1	1	1	0
       13	2018-02-05 19:54:44	1	1	1	0
       55	2018-02-05 20:36:27	1	1	1	0
      104	2018-02-06 07:16:37	1	0	1	0
      153	2018-02-06 07:16:52	1	0	1	0
      137	2018-02-06 07:19:13	1	0	1	0
      140	2018-02-06 07:23:41	1	0	1	0
      117	2018-02-06 08:00:16	1	0	1	0
       92	2018-02-06 08:01:36	1	0	1	0
      145	2018-02-06 08:07:11	1	0	1	0
      121	2018-02-06 08:08:35	1	0	1	0
      152	2018-02-06 08:15:16	1	0	1	0
       97	2018-02-06 08:21:04	1	0	1	0
      132	2018-02-06 08:23:49	1	0	1	0
      143	2018-02-06 08:23:54	1	0	1	0
      125	2018-02-06 08:25:13	1	0	1	0
      128	2018-02-06 08:26:40	1	0	1	0
      111	2018-02-06 08:27:11	1	0	1	0
       13	2018-02-06 08:27:29	1	0	1	0
       13	2018-02-06 08:27:31	1	0	1	0
       13	2018-02-06 08:27:33	1	0	1	0
       13	2018-02-06 08:27:35	1	0	1	0
       13	2018-02-06 08:27:36	1	0	1	0
       69	2018-02-06 08:30:24	1	0	1	0
      141	2018-02-06 08:34:40	1	0	1	0
      123	2018-02-06 08:34:57	1	0	1	0
       43	2018-02-06 08:35:15	1	0	1	0
      107	2018-02-06 08:38:51	1	0	1	0
      133	2018-02-06 08:41:48	1	0	1	0
      108	2018-02-06 08:43:15	1	0	1	0
        4	2018-02-06 08:43:42	1	0	1	0
      116	2018-02-06 08:44:06	1	0	1	0
      131	2018-02-06 08:48:40	1	0	1	0
       88	2018-02-06 08:54:19	1	0	1	0
       48	2018-02-06 08:55:14	1	0	1	0
      142	2018-02-06 08:56:13	1	0	1	0
      136	2018-02-06 08:58:30	1	0	1	0
       96	2018-02-06 09:11:34	1	0	1	0
      144	2018-02-06 09:21:19	1	0	1	0
      101	2018-02-06 09:21:48	1	0	1	0
      120	2018-02-06 09:23:04	1	0	1	0
      103	2018-02-06 09:27:03	1	0	1	0
       74	2018-02-06 10:08:09	1	0	1	0
      118	2018-02-06 10:43:11	1	0	1	0
      108	2018-02-06 13:23:00	1	1	1	0
       88	2018-02-06 17:01:42	1	1	1	0
      145	2018-02-06 18:30:07	1	1	1	0
      104	2018-02-06 18:30:14	1	1	1	0
      137	2018-02-06 18:30:45	1	1	1	0
      143	2018-02-06 18:31:28	1	1	1	0
      115	2018-02-06 18:31:42	1	1	1	0
      153	2018-02-06 18:32:15	1	0	1	0
      153	2018-02-06 18:32:28	1	1	1	0
      103	2018-02-06 18:32:39	1	1	1	0
      140	2018-02-06 18:32:52	1	1	1	0
       98	2018-02-06 18:33:28	1	1	1	0
      152	2018-02-06 18:33:40	1	1	1	0
       43	2018-02-06 18:33:57	1	1	1	0
      131	2018-02-06 18:34:13	1	1	1	0
      136	2018-02-06 18:34:34	1	1	1	0
      128	2018-02-06 18:34:40	1	1	1	0
      120	2018-02-06 18:34:47	1	1	1	0
      123	2018-02-06 18:35:29	1	1	1	0
      144	2018-02-06 18:35:50	1	1	1	0
      116	2018-02-06 18:35:54	1	1	1	0
      133	2018-02-06 18:37:57	1	1	1	0
       97	2018-02-06 18:38:49	1	1	1	0
       92	2018-02-06 18:38:59	1	1	1	0
      111	2018-02-06 18:39:15	1	1	1	0
      107	2018-02-06 18:39:34	1	1	1	0
       69	2018-02-06 18:40:59	1	1	1	0
       48	2018-02-06 18:43:21	1	1	1	0
      141	2018-02-06 18:45:07	1	1	1	0
      142	2018-02-06 18:45:18	1	1	1	0
      125	2018-02-06 18:49:56	1	1	1	0
        4	2018-02-06 19:03:16	1	1	1	0
       78	2018-02-06 19:26:19	1	1	1	0
       96	2018-02-06 19:27:00	1	1	1	0
       93	2018-02-06 20:01:07	1	1	1	0
      118	2018-02-06 20:05:25	1	1	1	0
      118	2018-02-06 20:05:28	1	1	1	0
      101	2018-02-06 20:25:10	1	1	1	0
       74	2018-02-06 20:26:45	1	1	1	0
       55	2018-02-06 20:43:47	1	1	1	0
      149	2018-02-06 20:43:54	1	1	1	0
       13	2018-02-06 21:02:29	1	1	1	0
       13	2018-02-06 21:02:32	1	1	1	0
      137	2018-02-07 07:12:47	1	0	1	0
      140	2018-02-07 07:14:09	1	0	1	0
      153	2018-02-07 07:17:10	1	0	1	0
      123	2018-02-07 07:25:00	1	0	1	0
      145	2018-02-07 07:30:07	1	0	1	0
      104	2018-02-07 07:59:19	1	0	1	0
      136	2018-02-07 08:01:34	1	0	1	0
      115	2018-02-07 08:11:57	1	0	1	0
      125	2018-02-07 08:15:09	1	0	1	0
       13	2018-02-07 08:15:51	1	0	1	0
       13	2018-02-07 08:15:53	1	0	1	0
       13	2018-02-07 08:15:55	1	0	1	0
      132	2018-02-07 08:16:00	1	0	1	0
      131	2018-02-07 08:16:03	1	0	1	0
       92	2018-02-07 08:17:17	1	0	1	0
      152	2018-02-07 08:17:25	1	0	1	0
      143	2018-02-07 08:19:45	1	0	1	0
      143	2018-02-07 08:20:46	1	0	1	0
      121	2018-02-07 08:21:48	1	0	1	0
      124	2018-02-07 08:22:33	1	0	1	0
      133	2018-02-07 08:25:32	1	0	1	0
      141	2018-02-07 08:27:17	1	0	1	0
       97	2018-02-07 08:27:44	1	0	1	0
       97	2018-02-07 08:27:46	1	0	1	0
      111	2018-02-07 08:28:21	1	0	1	0
      101	2018-02-07 08:34:44	1	0	1	0
       96	2018-02-07 08:43:55	1	0	1	0
      116	2018-02-07 08:44:23	1	0	1	0
       43	2018-02-07 08:48:47	1	0	1	0
      142	2018-02-07 09:00:05	1	0	1	0
        4	2018-02-07 09:03:46	1	0	1	0
       48	2018-02-07 09:16:13	1	0	1	0
      108	2018-02-07 09:18:43	1	0	1	0
      120	2018-02-07 09:18:55	1	0	1	0
       74	2018-02-07 09:31:27	1	0	1	0
       88	2018-02-07 09:44:05	1	0	1	0
      118	2018-02-07 09:58:51	1	0	1	0
      103	2018-02-07 10:14:03	1	0	1	0
       98	2018-02-07 10:14:28	1	0	1	0
      151	2018-02-07 10:23:33	1	0	1	0
      104	2018-02-07 18:30:07	1	0	1	0
      104	2018-02-07 18:30:20	1	1	1	0
      125	2018-02-07 18:30:23	1	1	1	0
      145	2018-02-07 18:30:29	1	1	1	0
      137	2018-02-07 18:30:36	1	1	1	0
      143	2018-02-07 18:30:40	1	1	1	0
      144	2018-02-07 18:30:46	1	1	1	0
       88	2018-02-07 18:30:52	1	1	1	0
      153	2018-02-07 18:31:23	1	1	1	0
       43	2018-02-07 18:32:05	1	1	1	0
       97	2018-02-07 18:32:20	1	1	1	0
      121	2018-02-07 18:32:45	1	1	1	0
       93	2018-02-07 18:33:03	1	1	1	0
      145	2018-02-07 18:33:06	1	1	1	0
      145	2018-02-07 18:33:07	1	1	1	0
      124	2018-02-07 18:33:18	1	1	1	0
      125	2018-02-07 18:33:22	1	1	1	0
      144	2018-02-07 18:33:30	1	0	1	0
      152	2018-02-07 18:34:10	1	1	1	0
      133	2018-02-07 18:34:31	1	1	1	0
      103	2018-02-07 18:34:38	1	1	1	0
      141	2018-02-07 18:34:46	1	1	1	0
       98	2018-02-07 18:34:57	1	1	1	0
      101	2018-02-07 18:35:04	1	1	1	0
      142	2018-02-07 18:35:13	1	1	1	0
      142	2018-02-07 18:35:16	1	1	1	0
      132	2018-02-07 18:35:21	1	1	1	0
      140	2018-02-07 18:36:07	1	1	1	0
      131	2018-02-07 18:36:24	1	1	1	0
      136	2018-02-07 18:36:29	1	1	1	0
       96	2018-02-07 18:37:01	1	1	1	0
       78	2018-02-07 18:37:06	1	1	1	0
      116	2018-02-07 18:37:32	1	1	1	0
      128	2018-02-07 18:37:40	1	1	1	0
      123	2018-02-07 18:39:19	1	1	1	0
       48	2018-02-07 18:39:33	1	1	1	0
      115	2018-02-07 18:39:43	1	1	1	0
      108	2018-02-07 18:43:23	1	1	1	0
       74	2018-02-07 18:45:14	1	1	1	0
      120	2018-02-07 18:54:17	1	1	1	0
      151	2018-02-07 18:57:10	1	0	1	0
      118	2018-02-07 18:57:26	1	1	1	0
      118	2018-02-07 18:57:28	1	1	1	0
      151	2018-02-07 18:57:38	1	1	1	0
      111	2018-02-07 19:54:43	1	0	1	0
      111	2018-02-07 19:54:48	1	1	1	0
       69	2018-02-07 20:24:42	1	1	1	0
       13	2018-02-07 20:25:02	1	1	1	0
       13	2018-02-07 20:25:04	1	1	1	0
      149	2018-02-07 21:06:14	1	1	1	0
        4	2018-02-07 21:17:20	1	1	1	0
      153	2018-02-08 07:11:33	1	0	1	0
      137	2018-02-08 07:27:42	1	0	1	0
      145	2018-02-08 07:29:44	1	0	1	0
      140	2018-02-08 07:30:59	1	0	1	0
      104	2018-02-08 08:03:11	1	0	1	0
       92	2018-02-08 08:11:37	1	0	1	0
       69	2018-02-08 08:13:10	1	0	1	0
      143	2018-02-08 08:13:15	1	0	1	0
      115	2018-02-08 08:13:58	1	0	1	0
      141	2018-02-08 08:22:58	1	0	1	0
      101	2018-02-08 08:23:01	1	0	1	0
      111	2018-02-08 08:23:12	1	0	1	0
      143	2018-02-08 08:27:54	1	0	1	0
      125	2018-02-08 08:30:34	1	0	1	0
      125	2018-02-08 08:30:39	1	0	1	0
      152	2018-02-08 08:34:23	1	0	1	0
      152	2018-02-08 08:34:25	1	0	1	0
       13	2018-02-08 08:45:29	1	0	1	0
       13	2018-02-08 08:45:32	1	0	1	0
       43	2018-02-08 08:45:57	1	0	1	0
      116	2018-02-08 08:51:16	1	0	1	0
       96	2018-02-08 08:57:01	1	0	1	0
        4	2018-02-08 08:57:49	1	0	1	0
       96	2018-02-08 09:00:46	1	0	1	0
       48	2018-02-08 09:07:59	1	0	1	0
      142	2018-02-08 09:10:23	1	0	1	0
       74	2018-02-08 09:15:25	1	0	1	0
      108	2018-02-08 09:18:58	1	0	1	0
       88	2018-02-08 09:38:52	1	0	1	0
      120	2018-02-08 09:45:14	1	0	1	0
      118	2018-02-08 09:47:18	1	0	1	0
      103	2018-02-08 09:50:04	1	0	1	0
      151	2018-02-08 10:06:23	1	0	1	0
       98	2018-02-08 10:37:13	1	0	1	0
       74	2018-02-08 15:14:53	1	1	1	0
      121	2018-02-08 18:30:42	1	1	1	0
      144	2018-02-08 18:31:31	1	0	1	0
      145	2018-02-08 18:31:37	1	1	1	0
      144	2018-02-08 18:31:39	1	1	1	0
      143	2018-02-08 18:31:43	1	1	1	0
      124	2018-02-08 18:31:57	1	1	1	0
       43	2018-02-08 18:32:01	1	1	1	0
      131	2018-02-08 18:32:13	1	1	1	0
      136	2018-02-08 18:32:45	1	1	1	0
      128	2018-02-08 18:32:51	1	1	1	0
      125	2018-02-08 18:32:57	1	1	1	0
      153	2018-02-08 18:33:15	1	1	1	0
       98	2018-02-08 18:33:21	1	1	1	0
      115	2018-02-08 18:34:08	1	1	1	0
      152	2018-02-08 18:34:24	1	1	1	0
      152	2018-02-08 18:34:25	1	1	1	0
      103	2018-02-08 18:34:59	1	1	1	0
      120	2018-02-08 18:35:14	1	1	1	0
      116	2018-02-08 18:35:35	1	1	1	0
       88	2018-02-08 18:35:45	1	1	1	0
      123	2018-02-08 18:36:59	1	1	1	0
      133	2018-02-08 18:37:27	1	1	1	0
      101	2018-02-08 18:37:36	1	1	1	0
       97	2018-02-08 18:37:43	1	1	1	0
      133	2018-02-08 18:37:46	1	1	1	0
       96	2018-02-08 18:38:48	1	1	1	0
       48	2018-02-08 18:38:54	1	1	1	0
      141	2018-02-08 18:39:00	1	1	1	0
      132	2018-02-08 18:39:10	1	1	1	0
      108	2018-02-08 18:39:29	1	1	1	0
      142	2018-02-08 18:42:49	1	1	1	0
       78	2018-02-08 18:52:38	1	1	1	0
      151	2018-02-08 19:04:16	1	1	1	0
      151	2018-02-08 19:04:19	1	1	1	0
      118	2018-02-08 19:04:51	1	0	1	0
       55	2018-02-08 19:48:12	1	1	1	0
      149	2018-02-08 19:48:28	1	1	1	0
       92	2018-02-08 21:43:51	1	1	1	0
       69	2018-02-08 21:43:57	1	1	1	0
      111	2018-02-08 21:44:03	1	1	1	0
       13	2018-02-08 21:44:25	1	1	1	0
        4	2018-02-08 21:53:25	1	1	1	0
      137	2018-02-09 07:13:51	1	0	1	0
      153	2018-02-09 07:14:05	1	0	1	0
      140	2018-02-09 07:17:37	1	0	1	0
      145	2018-02-09 07:53:28	1	0	1	0
      132	2018-02-09 08:10:31	1	0	1	0
      152	2018-02-09 08:11:33	1	0	1	0
      115	2018-02-09 08:14:07	1	0	1	0
      123	2018-02-09 08:14:38	1	0	1	0
      133	2018-02-09 08:18:06	1	0	1	0
      128	2018-02-09 08:19:00	1	4	1	0
       92	2018-02-09 08:19:08	1	4	1	0
      143	2018-02-09 08:20:47	1	0	1	0
      101	2018-02-09 08:23:33	1	0	1	0
      141	2018-02-09 08:23:58	1	0	1	0
      131	2018-02-09 08:24:19	1	0	1	0
      136	2018-02-09 08:24:26	1	0	1	0
       69	2018-02-09 08:24:30	1	0	1	0
      104	2018-02-09 08:26:08	1	0	1	0
      111	2018-02-09 08:28:33	1	0	1	0
       43	2018-02-09 08:30:22	1	0	1	0
      125	2018-02-09 08:33:20	1	0	1	0
      121	2018-02-09 08:35:19	1	0	1	0
      116	2018-02-09 08:37:31	1	0	1	0
      116	2018-02-09 08:37:32	1	0	1	0
       97	2018-02-09 08:39:22	1	0	1	0
       96	2018-02-09 08:56:54	1	0	1	0
        4	2018-02-09 09:01:02	1	0	1	0
       13	2018-02-09 09:06:09	1	0	1	0
       13	2018-02-09 09:06:11	1	0	1	0
       13	2018-02-09 09:06:12	1	0	1	0
       48	2018-02-09 09:15:35	1	0	1	0
      144	2018-02-09 09:17:08	1	0	1	0
      142	2018-02-09 09:22:35	1	0	1	0
      108	2018-02-09 09:25:56	1	0	1	0
      120	2018-02-09 09:34:05	1	0	1	0
       88	2018-02-09 09:42:27	1	0	1	0
      103	2018-02-09 09:56:14	1	0	1	0
      118	2018-02-09 10:16:43	1	0	1	0
      151	2018-02-09 10:49:06	1	0	1	0
      118	2018-02-09 13:40:07	1	1	1	0
      118	2018-02-09 13:40:09	1	1	1	0
      115	2018-02-09 18:31:12	1	1	1	0
      124	2018-02-09 18:32:26	1	0	1	0
      124	2018-02-09 18:32:33	1	1	1	0
      145	2018-02-09 18:33:35	1	1	1	0
       93	2018-02-09 18:33:55	1	1	1	0
      153	2018-02-09 18:34:21	1	1	1	0
      104	2018-02-09 18:34:56	1	1	1	0
      137	2018-02-09 18:36:03	1	1	1	0
       96	2018-02-09 18:36:09	1	1	1	0
      125	2018-02-09 18:36:17	1	1	1	0
      152	2018-02-09 18:36:20	1	1	1	0
      152	2018-02-09 18:36:21	1	1	1	0
      144	2018-02-09 18:36:43	1	1	1	0
      131	2018-02-09 18:37:06	1	1	1	0
      136	2018-02-09 18:37:27	1	1	1	0
      103	2018-02-09 18:38:33	1	1	1	0
      141	2018-02-09 18:39:09	1	1	1	0
      116	2018-02-09 18:39:54	1	1	1	0
      140	2018-02-09 18:41:18	1	1	1	0
      120	2018-02-09 18:42:13	1	1	1	0
       48	2018-02-09 18:42:21	1	1	1	0
      108	2018-02-09 18:48:24	1	1	1	0
      132	2018-02-09 19:00:16	1	1	1	0
      133	2018-02-09 19:01:27	1	1	1	0
       13	2018-02-09 19:02:25	1	1	1	0
       13	2018-02-09 19:02:27	1	1	1	0
       88	2018-02-09 19:02:38	1	1	1	0
      123	2018-02-09 19:03:05	1	1	1	0
       97	2018-02-09 19:03:16	1	1	1	0
        4	2018-02-09 19:04:07	1	1	1	0
      133	2018-02-09 19:08:40	1	1	1	0
      128	2018-02-09 19:09:38	1	1	1	0
       78	2018-02-09 19:22:46	1	1	1	0
       55	2018-02-09 19:22:53	1	1	1	0
      151	2018-02-09 19:22:59	1	1	1	0
      149	2018-02-09 19:25:52	1	1	1	0
      101	2018-02-09 20:09:57	1	1	1	0
       69	2018-02-09 20:16:36	1	1	1	0
      111	2018-02-09 20:22:30	1	1	1	0
       74	2018-02-09 20:24:38	1	1	1	0
       74	2018-02-09 20:24:40	1	1	1	0
CHECKSUM=788554406