SN=6333123220238
       92	2018-05-26 09:07:51	1	0	1	0
      142	2018-05-26 09:48:08	1	0	1	0
      141	2018-05-26 09:48:12	1	0	1	0
      141	2018-05-26 14:22:22	1	1	1	0
       92	2018-05-26 15:03:07	1	1	1	0
      142	2018-05-26 15:03:22	1	1	1	0
      123	2018-05-28 07:07:10	1	0	1	0
      137	2018-05-28 07:09:40	1	0	1	0
      140	2018-05-28 07:13:22	1	0	1	0
      153	2018-05-28 07:13:28	1	0	1	0
       97	2018-05-28 07:20:00	1	0	1	0
      140	2018-05-28 07:21:42	1	0	1	0
       43	2018-05-28 07:54:46	1	0	1	0
      117	2018-05-28 07:55:00	1	0	1	0
      115	2018-05-28 08:06:31	1	0	1	0
      152	2018-05-28 08:07:28	1	0	1	0
      155	2018-05-28 08:07:50	1	0	1	0
      136	2018-05-28 08:14:32	1	0	1	0
      156	2018-05-28 08:16:13	1	0	1	0
      111	2018-05-28 08:17:08	1	0	1	0
      143	2018-05-28 08:19:11	1	0	1	0
      118	2018-05-28 08:20:10	1	0	1	0
      118	2018-05-28 08:20:12	1	0	1	0
       69	2018-05-28 08:20:17	1	0	1	0
      128	2018-05-28 08:20:24	1	0	1	0
      125	2018-05-28 08:21:30	1	0	1	0
      132	2018-05-28 08:21:43	1	0	1	0
      131	2018-05-28 08:22:23	1	0	1	0
      164	2018-05-28 08:22:33	1	0	1	0
       92	2018-05-28 08:24:40	1	0	1	0
      163	2018-05-28 08:24:53	1	0	1	0
      141	2018-05-28 08:25:41	1	0	1	0
      142	2018-05-28 08:26:28	1	0	1	0
      116	2018-05-28 08:27:26	1	0	1	0
       13	2018-05-28 08:30:00	1	0	1	0
       13	2018-05-28 08:30:02	1	0	1	0
       89	2018-05-28 08:33:05	1	0	1	0
       89	2018-05-28 08:33:07	1	0	1	0
      118	2018-05-28 08:35:21	1	0	1	0
       48	2018-05-28 08:39:30	1	0	1	0
       74	2018-05-28 08:52:32	1	0	1	0
      121	2018-05-28 08:55:16	1	0	1	0
       88	2018-05-28 09:05:18	1	0	1	0
       96	2018-05-28 09:11:24	1	0	1	0
      103	2018-05-28 09:22:47	1	0	1	0
      120	2018-05-28 09:29:38	1	0	1	0
      108	2018-05-28 09:33:04	1	0	1	0
      151	2018-05-28 10:18:30	1	0	1	0
      156	2018-05-28 16:37:44	1	0	1	0
      156	2018-05-28 16:37:52	1	1	1	0
       69	2018-05-28 16:43:25	1	1	1	0
      165	2018-05-28 18:08:51	1	1	1	0
      166	2018-05-28 18:11:57	1	1	1	0
       88	2018-05-28 18:30:18	1	1	1	0
      137	2018-05-28 18:30:24	1	1	1	0
      155	2018-05-28 18:31:03	1	0	1	0
      155	2018-05-28 18:31:09	1	1	1	0
      143	2018-05-28 18:31:14	1	1	1	0
      164	2018-05-28 18:31:24	1	1	1	0
      165	2018-05-28 18:31:30	1	1	1	0
      163	2018-05-28 18:31:40	1	1	1	0
      157	2018-05-28 18:31:45	1	1	1	0
      115	2018-05-28 18:31:53	1	1	1	0
      166	2018-05-28 18:32:02	1	1	1	0
       89	2018-05-28 18:32:57	1	1	1	0
      131	2018-05-28 18:33:01	1	1	1	0
      136	2018-05-28 18:33:30	1	1	1	0
      125	2018-05-28 18:33:54	1	1	1	0
      120	2018-05-28 18:34:00	1	1	1	0
       96	2018-05-28 18:34:05	1	1	1	0
       43	2018-05-28 18:34:23	1	1	1	0
      152	2018-05-28 18:34:57	1	1	1	0
      153	2018-05-28 18:35:04	1	1	1	0
      140	2018-05-28 18:35:10	1	1	1	0
      104	2018-05-28 18:35:14	1	1	1	0
      132	2018-05-28 18:35:24	1	1	1	0
       48	2018-05-28 18:35:56	1	1	1	0
      128	2018-05-28 18:36:20	1	1	1	0
      128	2018-05-28 18:36:21	1	1	1	0
      128	2018-05-28 18:36:26	1	1	1	0
      118	2018-05-28 18:37:45	1	1	1	0
      118	2018-05-28 18:37:47	1	1	1	0
       97	2018-05-28 18:37:49	1	1	1	0
       97	2018-05-28 18:37:51	1	1	1	0
      118	2018-05-28 18:38:24	1	1	1	0
      108	2018-05-28 18:40:13	1	1	1	0
      123	2018-05-28 18:40:30	1	1	1	0
      141	2018-05-28 18:44:46	1	1	1	0
      142	2018-05-28 18:45:03	1	1	1	0
      116	2018-05-28 18:48:28	1	1	1	0
      151	2018-05-28 18:52:29	1	1	1	0
       74	2018-05-28 18:55:27	1	1	1	0
       92	2018-05-28 19:25:26	1	1	1	0
      111	2018-05-28 19:30:44	1	0	1	0
       92	2018-05-28 19:30:57	1	0	1	0
       92	2018-05-28 19:31:06	1	1	1	0
      111	2018-05-28 19:31:12	1	1	1	0
       78	2018-05-28 19:58:54	1	1	1	0
       85	2018-05-28 20:06:33	1	1	1	0
       13	2018-05-28 20:06:37	1	1	1	0
       55	2018-05-28 20:39:15	1	1	1	0
      149	2018-05-28 20:39:29	1	1	1	0
      153	2018-05-29 07:19:02	1	0	1	0
      137	2018-05-29 07:19:11	1	0	1	0
      140	2018-05-29 07:19:19	1	0	1	0
       97	2018-05-29 07:24:26	1	0	1	0
        4	2018-05-29 07:33:15	1	0	1	0
      124	2018-05-29 07:34:39	1	0	1	0
      123	2018-05-29 07:46:36	1	0	1	0
      136	2018-05-29 07:54:17	1	0	1	0
       13	2018-05-29 07:55:03	1	0	1	0
      143	2018-05-29 07:55:35	1	0	1	0
      152	2018-05-29 08:00:05	1	0	1	0
       43	2018-05-29 08:02:51	1	0	1	0
      165	2018-05-29 08:07:35	1	0	1	0
      163	2018-05-29 08:07:42	1	0	1	0
      166	2018-05-29 08:07:47	1	0	1	0
      155	2018-05-29 08:11:03	1	0	1	0
       89	2018-05-29 08:11:13	1	0	1	0
       89	2018-05-29 08:11:20	1	0	1	0
      111	2018-05-29 08:12:16	1	0	1	0
       93	2018-05-29 08:12:54	1	0	1	0
      156	2018-05-29 08:13:14	1	0	1	0
      115	2018-05-29 08:14:26	1	0	1	0
      131	2018-05-29 08:17:57	1	0	1	0
      132	2018-05-29 08:18:49	1	0	1	0
      125	2018-05-29 08:20:30	1	0	1	0
      128	2018-05-29 08:22:04	1	0	1	0
       92	2018-05-29 08:24:26	1	0	1	0
      121	2018-05-29 08:25:56	1	0	1	0
      116	2018-05-29 08:29:15	1	0	1	0
      164	2018-05-29 08:29:25	1	0	1	0
      141	2018-05-29 08:29:33	1	0	1	0
      142	2018-05-29 08:31:22	1	0	1	0
      120	2018-05-29 08:36:02	1	0	1	0
       96	2018-05-29 08:44:03	1	0	1	0
       48	2018-05-29 08:47:22	1	0	1	0
       69	2018-05-29 08:47:53	1	0	1	0
      118	2018-05-29 08:58:06	1	0	1	0
      118	2018-05-29 08:58:08	1	0	1	0
       74	2018-05-29 09:06:42	1	0	1	0
       88	2018-05-29 09:13:47	1	0	1	0
      108	2018-05-29 09:45:23	1	0	1	0
      151	2018-05-29 09:47:25	1	0	1	0
       43	2018-05-29 18:31:02	1	1	1	0
       92	2018-05-29 18:31:07	1	1	1	0
      132	2018-05-29 18:31:12	1	1	1	0
      125	2018-05-29 18:31:29	1	1	1	0
      156	2018-05-29 18:31:36	1	1	1	0
      165	2018-05-29 18:31:56	1	0	1	0
      163	2018-05-29 18:32:02	1	0	1	0
      143	2018-05-29 18:32:07	1	0	1	0
      166	2018-05-29 18:32:17	1	1	1	0
       88	2018-05-29 18:32:31	1	1	1	0
      131	2018-05-29 18:32:33	1	1	1	0
      123	2018-05-29 18:32:39	1	1	1	0
      164	2018-05-29 18:32:41	1	1	1	0
       89	2018-05-29 18:32:45	1	1	1	0
       89	2018-05-29 18:32:46	1	1	1	0
      111	2018-05-29 18:32:50	1	1	1	0
       48	2018-05-29 18:32:56	1	1	1	0
       69	2018-05-29 18:33:06	1	1	1	0
      163	2018-05-29 18:33:13	1	1	1	0
      140	2018-05-29 18:33:23	1	1	1	0
      137	2018-05-29 18:33:44	1	1	1	0
      120	2018-05-29 18:34:05	1	1	1	0
      152	2018-05-29 18:34:37	1	1	1	0
      152	2018-05-29 18:34:39	1	1	1	0
      104	2018-05-29 18:34:42	1	1	1	0
      141	2018-05-29 18:34:51	1	1	1	0
      153	2018-05-29 18:35:20	1	1	1	0
      108	2018-05-29 18:35:37	1	1	1	0
      155	2018-05-29 18:35:44	1	1	1	0
       97	2018-05-29 18:35:50	1	1	1	0
       97	2018-05-29 18:35:52	1	1	1	0
      136	2018-05-29 18:36:02	1	1	1	0
      115	2018-05-29 18:36:23	1	1	1	0
       96	2018-05-29 18:37:40	1	1	1	0
      142	2018-05-29 18:39:57	1	1	1	0
      128	2018-05-29 18:42:18	1	1	1	0
       78	2018-05-29 18:44:39	1	1	1	0
      116	2018-05-29 18:48:01	1	1	1	0
       93	2018-05-29 18:48:06	1	1	1	0
      151	2018-05-29 18:50:32	1	1	1	0
      118	2018-05-29 18:51:35	1	1	1	0
      118	2018-05-29 18:51:38	1	1	1	0
      149	2018-05-29 18:51:50	1	1	1	0
        4	2018-05-29 18:57:02	1	1	1	0
       13	2018-05-29 18:57:31	1	1	1	0
       13	2018-05-29 18:57:36	1	1	1	0
       85	2018-05-29 19:00:33	1	1	1	0
       74	2018-05-29 19:19:17	1	1	1	0
      140	2018-05-30 07:16:53	1	0	1	0
      137	2018-05-30 07:20:27	1	0	1	0
      153	2018-05-30 07:28:18	1	0	1	0
       97	2018-05-30 07:30:01	1	0	1	0
      123	2018-05-30 07:39:39	1	0	1	0
      159	2018-05-30 07:41:28	1	0	1	0
      152	2018-05-30 07:54:30	1	0	1	0
      152	2018-05-30 07:54:32	1	0	1	0
      155	2018-05-30 08:03:14	1	0	1	0
      143	2018-05-30 08:05:29	1	0	1	0
      156	2018-05-30 08:05:47	1	0	1	0
      103	2018-05-30 08:05:53	1	0	1	0
      104	2018-05-30 08:06:12	1	0	1	0
      136	2018-05-30 08:08:10	1	0	1	0
      165	2018-05-30 08:13:03	1	0	1	0
       89	2018-05-30 08:17:30	1	0	1	0
      131	2018-05-30 08:17:37	1	0	1	0
      111	2018-05-30 08:19:21	1	0	1	0
      163	2018-05-30 08:20:04	1	0	1	0
      166	2018-05-30 08:20:11	1	0	1	0
      115	2018-05-30 08:20:22	1	0	1	0
      125	2018-05-30 08:20:57	1	0	1	0
       43	2018-05-30 08:23:16	1	0	1	0
       69	2018-05-30 08:24:38	1	0	1	0
      141	2018-05-30 08:26:49	1	0	1	0
      128	2018-05-30 08:27:36	1	0	1	0
        4	2018-05-30 08:28:00	1	0	1	0
      121	2018-05-30 08:28:14	1	0	1	0
       13	2018-05-30 08:31:09	1	0	1	0
       13	2018-05-30 08:31:12	1	0	1	0
      164	2018-05-30 08:32:53	1	0	1	0
      116	2018-05-30 08:34:15	1	0	1	0
      142	2018-05-30 08:36:39	1	0	1	0
      118	2018-05-30 08:36:50	1	0	1	0
      118	2018-05-30 08:36:52	1	0	1	0
       96	2018-05-30 08:40:46	1	0	1	0
      120	2018-05-30 08:59:17	1	0	1	0
       85	2018-05-30 09:07:25	1	0	1	0
       48	2018-05-30 09:15:39	1	0	1	0
      144	2018-05-30 09:16:43	1	0	1	0
       74	2018-05-30 09:20:23	1	0	1	0
      108	2018-05-30 09:33:01	1	0	1	0
       88	2018-05-30 09:42:58	1	0	1	0
      151	2018-05-30 10:03:27	1	0	1	0
      151	2018-05-30 10:03:29	1	0	1	0
      120	2018-05-30 14:51:24	1	1	1	0
      163	2018-05-30 18:30:36	1	1	1	0
      166	2018-05-30 18:30:41	1	1	1	0
      164	2018-05-30 18:30:48	1	1	1	0
      165	2018-05-30 18:30:56	1	1	1	0
      137	2018-05-30 18:31:06	1	1	1	0
      131	2018-05-30 18:31:10	1	1	1	0
      143	2018-05-30 18:31:31	1	0	1	0
      115	2018-05-30 18:31:43	1	1	1	0
      156	2018-05-30 18:31:51	1	1	1	0
      155	2018-05-30 18:31:55	1	1	1	0
      128	2018-05-30 18:32:09	1	1	1	0
      136	2018-05-30 18:32:23	1	1	1	0
      117	2018-05-30 18:32:28	1	1	1	0
      124	2018-05-30 18:32:36	1	1	1	0
      123	2018-05-30 18:33:02	1	1	1	0
      125	2018-05-30 18:33:22	1	1	1	0
      144	2018-05-30 18:34:17	1	1	1	0
      153	2018-05-30 18:34:26	1	1	1	0
      140	2018-05-30 18:35:02	1	1	1	0
      152	2018-05-30 18:35:06	1	1	1	0
      157	2018-05-30 18:35:11	1	1	1	0
       97	2018-05-30 18:35:13	1	1	1	0
      159	2018-05-30 18:35:18	1	1	1	0
       43	2018-05-30 18:35:23	1	1	1	0
       93	2018-05-30 18:35:28	1	1	1	0
       96	2018-05-30 18:35:58	1	1	1	0
       88	2018-05-30 18:36:03	1	1	1	0
      104	2018-05-30 18:36:29	1	1	1	0
       89	2018-05-30 18:36:40	1	1	1	0
      108	2018-05-30 18:37:01	1	1	1	0
       48	2018-05-30 18:38:36	1	1	1	0
      118	2018-05-30 18:41:25	1	1	1	0
      118	2018-05-30 18:41:27	1	1	1	0
      151	2018-05-30 18:41:32	1	1	1	0
      151	2018-05-30 18:41:34	1	1	1	0
       74	2018-05-30 18:43:14	1	1	1	0
      103	2018-05-30 18:43:55	1	1	1	0
      141	2018-05-30 18:44:50	1	1	1	0
      116	2018-05-30 18:47:32	1	1	1	0
      149	2018-05-30 18:55:28	1	1	1	0
       78	2018-05-30 18:58:53	1	1	1	0
      142	2018-05-30 19:06:27	1	1	1	0
       55	2018-05-30 19:22:01	1	1	1	0
       69	2018-05-30 20:15:30	1	1	1	0
      111	2018-05-30 20:16:48	1	1	1	0
       13	2018-05-30 21:52:01	1	1	1	0
        4	2018-05-30 22:20:38	1	1	1	0
      153	2018-05-31 07:14:15	1	0	1	0
      137	2018-05-31 07:17:00	1	0	1	0
      123	2018-05-31 07:20:58	1	0	1	0
      140	2018-05-31 07:23:24	1	0	1	0
      159	2018-05-31 07:28:29	1	0	1	0
       97	2018-05-31 07:29:20	1	0	1	0
      156	2018-05-31 08:01:32	1	0	1	0
      115	2018-05-31 08:03:59	1	0	1	0
      152	2018-05-31 08:04:18	1	0	1	0
      128	2018-05-31 08:06:16	1	0	1	0
       55	2018-05-31 08:07:45	1	0	1	0
      136	2018-05-31 08:13:20	1	0	1	0
      136	2018-05-31 08:13:29	1	0	1	0
       89	2018-05-31 08:15:43	1	0	1	0
       89	2018-05-31 08:15:45	1	0	1	0
       92	2018-05-31 08:16:38	1	0	1	0
      143	2018-05-31 08:16:46	1	0	1	0
      132	2018-05-31 08:19:12	1	0	1	0
      141	2018-05-31 08:20:08	1	0	1	0
      111	2018-05-31 08:20:27	1	0	1	0
       69	2018-05-31 08:23:15	1	0	1	0
      104	2018-05-31 08:25:46	1	0	1	0
       96	2018-05-31 08:26:17	1	0	1	0
      125	2018-05-31 08:28:01	1	0	1	0
       43	2018-05-31 08:33:12	1	0	1	0
      144	2018-05-31 08:36:03	1	0	1	0
      144	2018-05-31 08:37:45	1	0	1	0
      165	2018-05-31 08:39:27	1	0	1	0
      131	2018-05-31 08:42:33	1	0	1	0
      163	2018-05-31 08:42:47	1	0	1	0
       13	2018-05-31 08:43:33	1	0	1	0
        4	2018-05-31 08:46:32	1	0	1	0
      116	2018-05-31 08:50:22	1	0	1	0
      164	2018-05-31 08:50:53	1	0	1	0
      103	2018-05-31 08:54:22	1	0	1	0
      118	2018-05-31 08:56:18	1	0	1	0
      118	2018-05-31 08:56:20	1	0	1	0
      121	2018-05-31 08:58:32	1	0	1	0
      108	2018-05-31 09:29:53	1	0	1	0
       88	2018-05-31 10:08:05	1	0	1	0
      151	2018-05-31 10:14:02	1	0	1	0
      151	2018-05-31 10:14:04	1	0	1	0
      120	2018-05-31 13:20:16	1	0	1	0
      143	2018-05-31 18:31:02	1	1	1	0
      156	2018-05-31 18:31:09	1	1	1	0
      155	2018-05-31 18:31:39	1	0	1	0
      163	2018-05-31 18:31:50	1	1	1	0
      137	2018-05-31 18:31:57	1	1	1	0
      164	2018-05-31 18:32:05	1	1	1	0
      165	2018-05-31 18:32:10	1	1	1	0
      159	2018-05-31 18:32:20	1	1	1	0
      159	2018-05-31 18:32:22	1	1	1	0
      117	2018-05-31 18:32:27	1	1	1	0
      157	2018-05-31 18:32:48	1	1	1	0
      125	2018-05-31 18:32:55	1	1	1	0
      131	2018-05-31 18:32:58	1	1	1	0
      136	2018-05-31 18:33:07	1	1	1	0
      140	2018-05-31 18:33:20	1	1	1	0
       78	2018-05-31 18:33:37	1	1	1	0
      104	2018-05-31 18:34:38	1	1	1	0
      120	2018-05-31 18:34:43	1	1	1	0
      141	2018-05-31 18:34:59	1	1	1	0
       96	2018-05-31 18:35:28	1	1	1	0
       89	2018-05-31 18:35:52	1	1	1	0
      153	2018-05-31 18:36:58	1	1	1	0
       97	2018-05-31 18:37:12	1	1	1	0
      103	2018-05-31 18:38:57	1	1	1	0
      118	2018-05-31 18:39:55	1	1	1	0
      118	2018-05-31 18:39:56	1	1	1	0
      118	2018-05-31 18:40:39	1	1	1	0
      118	2018-05-31 18:40:41	1	1	1	0
      144	2018-05-31 18:41:14	1	0	1	0
       43	2018-05-31 18:41:24	1	1	1	0
      128	2018-05-31 18:42:02	1	1	1	0
       74	2018-05-31 18:42:35	1	1	1	0
       93	2018-05-31 18:43:36	1	1	1	0
      116	2018-05-31 18:47:25	1	1	1	0
      115	2018-05-31 18:52:35	1	1	1	0
      151	2018-05-31 18:56:37	1	1	1	0
      123	2018-05-31 18:58:53	1	1	1	0
       55	2018-05-31 19:06:09	1	1	1	0
      149	2018-05-31 19:06:52	1	1	1	0
      108	2018-05-31 19:19:38	1	1	1	0
      155	2018-05-31 19:19:44	1	1	1	0
       88	2018-05-31 19:19:50	1	1	1	0
       13	2018-05-31 21:37:01	1	1	1	0
       85	2018-05-31 21:37:07	1	1	1	0
       85	2018-05-31 21:39:29	1	1	1	0
       69	2018-05-31 21:41:15	1	1	1	0
       92	2018-05-31 21:41:21	1	1	1	0
        4	2018-05-31 21:41:29	1	1	1	0
      111	2018-05-31 21:41:33	1	1	1	0
       88	2018-05-31 21:41:38	1	1	1	0
      153	2018-06-01 07:10:21	1	0	1	0
      137	2018-06-01 07:25:11	1	0	1	0
      140	2018-06-01 07:26:30	1	0	1	0
       97	2018-06-01 07:39:29	1	0	1	0
       55	2018-06-01 07:51:13	1	0	1	0
      104	2018-06-01 07:54:01	1	0	1	0
      155	2018-06-01 07:54:16	1	0	1	0
      159	2018-06-01 07:58:54	1	0	1	0
      117	2018-06-01 07:59:10	1	0	1	0
      152	2018-06-01 08:04:31	1	0	1	0
       43	2018-06-01 08:04:36	1	0	1	0
       43	2018-06-01 08:07:32	1	0	1	0
      125	2018-06-01 08:10:19	1	0	1	0
      115	2018-06-01 08:11:48	1	0	1	0
       92	2018-06-01 08:11:53	1	0	1	0
      166	2018-06-01 08:12:53	1	0	1	0
      166	2018-06-01 08:12:55	1	0	1	0
      163	2018-06-01 08:13:00	1	0	1	0
      165	2018-06-01 08:13:08	1	0	1	0
      143	2018-06-01 08:14:14	1	0	1	0
      141	2018-06-01 08:17:06	1	0	1	0
       89	2018-06-01 08:26:02	1	0	1	0
      156	2018-06-01 08:26:26	1	0	1	0
       69	2018-06-01 08:31:29	1	0	1	0
      111	2018-06-01 08:33:57	1	0	1	0
        4	2018-06-01 08:35:58	1	0	1	0
       74	2018-06-01 08:48:13	1	0	1	0
       96	2018-06-01 08:50:20	1	0	1	0
      116	2018-06-01 08:56:32	1	0	1	0
      144	2018-06-01 08:56:47	1	0	1	0
       88	2018-06-01 08:56:52	1	0	1	0
      118	2018-06-01 08:57:33	1	0	1	0
      118	2018-06-01 08:57:34	1	0	1	0
      144	2018-06-01 08:57:42	1	0	1	0
       48	2018-06-01 09:03:36	1	0	1	0
      120	2018-06-01 09:09:28	1	0	1	0
      103	2018-06-01 09:21:54	1	0	1	0
      108	2018-06-01 09:29:10	1	0	1	0
      151	2018-06-01 09:41:30	1	0	1	0
      143	2018-06-01 16:51:21	1	0	1	0
      143	2018-06-01 16:51:26	1	1	1	0
       69	2018-06-01 17:55:08	1	1	1	0
      165	2018-06-01 18:33:46	1	1	1	0
      137	2018-06-01 18:34:02	1	1	1	0
      156	2018-06-01 18:34:22	1	1	1	0
      166	2018-06-01 18:34:28	1	1	1	0
      140	2018-06-01 18:34:36	1	1	1	0
      155	2018-06-01 18:34:41	1	1	1	0
      141	2018-06-01 18:35:00	1	1	1	0
       97	2018-06-01 18:36:39	1	1	1	0
       96	2018-06-01 18:37:35	1	1	1	0
      144	2018-06-01 18:38:14	1	1	1	0
      125	2018-06-01 18:38:18	1	1	1	0
      116	2018-06-01 18:38:21	1	1	1	0
       89	2018-06-01 18:38:30	1	1	1	0
       93	2018-06-01 18:38:42	1	1	1	0
      120	2018-06-01 18:38:46	1	1	1	0
      151	2018-06-01 18:38:58	1	1	1	0
      104	2018-06-01 18:39:11	1	1	1	0
       48	2018-06-01 18:39:45	1	1	1	0
      115	2018-06-01 18:41:07	1	1	1	0
      163	2018-06-01 18:41:28	1	1	1	0
       43	2018-06-01 18:41:45	1	1	1	0
      103	2018-06-01 18:42:49	1	1	1	0
       43	2018-06-01 18:42:55	1	1	1	0
      108	2018-06-01 18:43:06	1	1	1	0
       88	2018-06-01 18:45:01	1	1	1	0
      159	2018-06-01 18:45:12	1	1	1	0
       74	2018-06-01 18:49:20	1	1	1	0
       85	2018-06-01 18:51:04	1	1	1	0
      152	2018-06-01 18:51:20	1	1	1	0
      153	2018-06-01 18:51:27	1	1	1	0
        4	2018-06-01 19:04:52	1	1	1	0
      111	2018-06-01 19:04:59	1	1	1	0
      149	2018-06-01 19:30:41	1	1	1	0
       78	2018-06-01 20:04:35	1	1	1	0
       55	2018-06-01 20:05:03	1	1	1	0
      140	2018-06-04 07:09:50	1	0	1	0
      137	2018-06-04 07:10:00	1	0	1	0
      137	2018-06-04 07:12:10	1	0	1	0
       97	2018-06-04 07:17:38	1	0	1	0
      153	2018-06-04 07:20:39	1	0	1	0
      155	2018-06-04 07:46:41	1	0	1	0
      165	2018-06-04 07:46:50	1	0	1	0
      136	2018-06-04 07:53:50	1	0	1	0
      115	2018-06-04 08:01:41	1	0	1	0
       88	2018-06-04 08:03:34	1	0	1	0
      152	2018-06-04 08:03:42	1	0	1	0
      104	2018-06-04 08:05:41	1	0	1	0
      156	2018-06-04 08:09:24	1	0	1	0
      117	2018-06-04 08:09:45	1	0	1	0
      163	2018-06-04 08:10:11	1	0	1	0
      166	2018-06-04 08:10:17	1	0	1	0
      141	2018-06-04 08:12:38	1	0	1	0
      159	2018-06-04 08:12:48	1	0	1	0
      143	2018-06-04 08:14:39	1	0	1	0
       92	2018-06-04 08:16:47	1	0	1	0
      132	2018-06-04 08:22:07	1	0	1	0
       43	2018-06-04 08:23:12	1	0	1	0
      125	2018-06-04 08:24:07	1	0	1	0
      111	2018-06-04 08:24:09	1	0	1	0
      103	2018-06-04 08:25:28	1	0	1	0
        4	2018-06-04 08:25:32	1	0	1	0
      131	2018-06-04 08:26:41	1	0	1	0
      118	2018-06-04 08:29:54	1	0	1	0
      118	2018-06-04 08:29:55	1	0	1	0
       48	2018-06-04 08:36:11	1	0	1	0
       69	2018-06-04 08:37:39	1	0	1	0
       89	2018-06-04 08:38:41	1	0	1	0
      120	2018-06-04 08:40:11	1	0	1	0
       13	2018-06-04 08:48:51	1	0	1	0
       13	2018-06-04 08:48:52	1	0	1	0
      144	2018-06-04 08:50:25	1	0	1	0
       85	2018-06-04 08:55:36	1	0	1	0
       55	2018-06-04 09:01:11	1	0	1	0
      116	2018-06-04 09:01:18	1	0	1	0
       74	2018-06-04 09:14:30	1	0	1	0
       96	2018-06-04 09:25:21	1	0	1	0
      108	2018-06-04 09:40:59	1	0	1	0
      118	2018-06-04 11:08:16	1	0	1	0
      118	2018-06-04 11:08:23	1	1	1	0
       96	2018-06-04 14:06:05	1	1	1	0
      137	2018-06-04 18:30:44	1	1	1	0
      121	2018-06-04 18:30:49	1	1	1	0
      115	2018-06-04 18:31:02	1	1	1	0
      165	2018-06-04 18:31:14	1	1	1	0
      170	2018-06-04 18:31:20	1	1	1	0
      169	2018-06-04 18:31:25	1	1	1	0
      143	2018-06-04 18:31:34	1	1	1	0
      140	2018-06-04 18:31:52	1	1	1	0
      104	2018-06-04 18:31:59	1	1	1	0
      155	2018-06-04 18:32:23	1	1	1	0
      156	2018-06-04 18:32:34	1	1	1	0
      132	2018-06-04 18:32:57	1	1	1	0
      131	2018-06-04 18:33:00	1	1	1	0
      136	2018-06-04 18:33:16	1	1	1	0
       43	2018-06-04 18:33:21	1	1	1	0
      125	2018-06-04 18:33:32	1	1	1	0
       88	2018-06-04 18:33:37	1	1	1	0
      141	2018-06-04 18:33:46	1	1	1	0
      166	2018-06-04 18:34:44	1	1	1	0
      163	2018-06-04 18:35:23	1	1	1	0
      124	2018-06-04 18:35:42	1	1	1	0
      123	2018-06-04 18:35:49	1	1	1	0
      118	2018-06-04 18:36:03	1	1	1	0
      118	2018-06-04 18:36:04	1	1	1	0
        4	2018-06-04 18:36:29	1	1	1	0
      128	2018-06-04 18:36:35	1	1	1	0
      153	2018-06-04 18:36:41	1	1	1	0
       89	2018-06-04 18:36:48	1	1	1	0
      152	2018-06-04 18:37:15	1	1	1	0
       48	2018-06-04 18:38:23	1	1	1	0
      108	2018-06-04 18:38:33	1	1	1	0
      103	2018-06-04 18:38:50	1	1	1	0
      120	2018-06-04 18:39:18	1	1	1	0
      144	2018-06-04 18:40:34	1	1	1	0
       78	2018-06-04 18:43:00	1	1	1	0
       92	2018-06-04 18:43:37	1	1	1	0
       69	2018-06-04 18:43:41	1	1	1	0
      111	2018-06-04 18:43:47	1	1	1	0
       97	2018-06-04 18:46:00	1	1	1	0
       13	2018-06-04 18:46:29	1	1	1	0
      116	2018-06-04 18:50:10	1	1	1	0
       74	2018-06-04 19:04:43	1	1	1	0
      149	2018-06-04 19:06:23	1	1	1	0
       55	2018-06-04 19:07:56	1	1	1	0
       85	2018-06-04 19:24:41	1	1	1	0
      153	2018-06-05 07:20:08	1	0	1	0
      137	2018-06-05 07:26:47	1	0	1	0
      140	2018-06-05 07:27:00	1	0	1	0
       97	2018-06-05 07:46:09	1	0	1	0
      136	2018-06-05 07:51:29	1	0	1	0
       97	2018-06-05 07:51:40	1	0	1	0
      152	2018-06-05 07:55:33	1	0	1	0
      156	2018-06-05 08:00:51	1	0	1	0
      170	2018-06-05 08:05:13	1	0	1	0
      169	2018-06-05 08:05:17	1	0	1	0
      115	2018-06-05 08:06:41	1	0	1	0
       92	2018-06-05 08:16:17	1	0	1	0
      117	2018-06-05 08:18:22	1	0	1	0
       89	2018-06-05 08:19:11	1	0	1	0
      104	2018-06-05 08:19:17	1	0	1	0
      132	2018-06-05 08:19:47	1	0	1	0
      131	2018-06-05 08:22:44	1	0	1	0
      128	2018-06-05 08:23:44	1	0	1	0
      165	2018-06-05 08:25:06	1	0	1	0
       69	2018-06-05 08:25:18	1	0	1	0
      143	2018-06-05 08:31:45	1	0	1	0
      125	2018-06-05 08:32:23	1	0	1	0
      155	2018-06-05 08:32:29	1	0	1	0
      111	2018-06-05 08:33:42	1	0	1	0
       48	2018-06-05 08:34:55	1	0	1	0
      116	2018-06-05 08:46:02	1	0	1	0
        4	2018-06-05 08:47:48	1	0	1	0
      163	2018-06-05 08:51:23	1	0	1	0
       13	2018-06-05 08:52:02	1	0	1	0
      141	2018-06-05 08:53:01	1	0	1	0
       96	2018-06-05 08:55:41	1	0	1	0
       74	2018-06-05 08:57:28	1	0	1	0
       85	2018-06-05 08:59:15	1	0	1	0
      121	2018-06-05 09:04:01	1	0	1	0
      123	2018-06-05 09:05:40	1	0	1	0
       43	2018-06-05 09:05:45	1	0	1	0
      120	2018-06-05 09:11:42	1	0	1	0
      118	2018-06-05 09:13:04	1	0	1	0
       88	2018-06-05 09:21:21	1	0	1	0
      151	2018-06-05 09:58:01	1	0	1	0
      108	2018-06-05 12:20:22	1	0	1	0
      144	2018-06-05 13:14:44	1	0	1	0
       43	2018-06-05 13:52:37	1	1	1	0
        4	2018-06-05 17:05:54	1	1	1	0
      104	2018-06-05 18:30:05	1	1	1	0
      121	2018-06-05 18:30:12	1	1	1	0
      143	2018-06-05 18:30:24	1	1	1	0
      137	2018-06-05 18:30:29	1	1	1	0
      156	2018-06-05 18:30:38	1	1	1	0
      170	2018-06-05 18:31:01	1	1	1	0
      163	2018-06-05 18:31:07	1	0	1	0
      165	2018-06-05 18:31:25	1	1	1	0
      163	2018-06-05 18:31:33	1	1	1	0
      170	2018-06-05 18:31:41	1	1	1	0
      169	2018-06-05 18:31:44	1	1	1	0
      115	2018-06-05 18:31:50	1	1	1	0
      140	2018-06-05 18:33:05	1	1	1	0
      108	2018-06-05 18:33:57	1	1	1	0
      155	2018-06-05 18:34:06	1	1	1	0
      153	2018-06-05 18:34:56	1	1	1	0
      124	2018-06-05 18:35:00	1	1	1	0
      152	2018-06-05 18:35:07	1	1	1	0
      131	2018-06-05 18:35:21	1	1	1	0
      136	2018-06-05 18:35:35	1	1	1	0
      108	2018-06-05 18:36:00	1	1	1	0
      117	2018-06-05 18:38:01	1	1	1	0
       48	2018-06-05 18:39:16	1	1	1	0
      125	2018-06-05 18:39:19	1	1	1	0
      144	2018-06-05 18:39:22	1	1	1	0
       89	2018-06-05 18:40:58	1	1	1	0
      123	2018-06-05 18:41:23	1	1	1	0
      120	2018-06-05 18:41:58	1	1	1	0
       96	2018-06-05 18:42:25	1	1	1	0
      132	2018-06-05 18:43:29	1	1	1	0
      128	2018-06-05 18:44:41	1	1	1	0
      116	2018-06-05 18:45:12	1	1	1	0
       92	2018-06-05 18:47:08	1	1	1	0
       69	2018-06-05 18:47:12	1	1	1	0
      141	2018-06-05 18:47:19	1	1	1	0
       97	2018-06-05 18:47:24	1	1	1	0
       97	2018-06-05 18:47:27	1	1	1	0
      118	2018-06-05 18:48:09	1	1	1	0
      118	2018-06-05 18:48:11	1	1	1	0
      118	2018-06-05 18:48:14	1	1	1	0
      111	2018-06-05 18:48:24	1	1	1	0
      151	2018-06-05 18:48:29	1	1	1	0
       13	2018-06-05 18:48:41	1	1	1	0
      118	2018-06-05 18:48:44	1	1	1	0
       85	2018-06-05 19:00:08	1	1	1	0
       55	2018-06-05 19:14:09	1	1	1	0
       78	2018-06-05 19:34:37	1	1	1	0
       74	2018-06-05 20:48:36	1	1	1	0
      149	2018-06-05 21:08:38	1	1	1	0
      153	2018-06-06 07:13:30	1	0	1	0
      137	2018-06-06 07:15:00	1	0	1	0
      140	2018-06-06 07:16:34	1	0	1	0
      170	2018-06-06 07:39:06	1	0	1	0
      104	2018-06-06 07:40:51	1	0	1	0
      169	2018-06-06 07:41:55	1	0	1	0
       97	2018-06-06 07:43:24	1	0	1	0
       55	2018-06-06 07:49:04	1	0	1	0
      159	2018-06-06 07:51:30	1	0	1	0
      117	2018-06-06 07:51:59	1	0	1	0
      155	2018-06-06 07:57:10	1	0	1	0
      121	2018-06-06 07:59:14	1	0	1	0
      166	2018-06-06 08:05:03	1	0	1	0
      163	2018-06-06 08:05:08	1	0	1	0
      156	2018-06-06 08:05:37	1	0	1	0
      152	2018-06-06 08:05:41	1	0	1	0
      123	2018-06-06 08:08:29	1	0	1	0
      132	2018-06-06 08:14:31	1	0	1	0
       92	2018-06-06 08:15:14	1	0	1	0
      111	2018-06-06 08:17:24	1	0	1	0
      115	2018-06-06 08:17:32	1	0	1	0
      165	2018-06-06 08:19:42	1	0	1	0
       69	2018-06-06 08:21:41	1	0	1	0
       96	2018-06-06 08:24:57	1	0	1	0
      103	2018-06-06 08:26:09	1	0	1	0
      128	2018-06-06 08:27:29	1	0	1	0
      124	2018-06-06 08:27:41	1	0	1	0
       43	2018-06-06 08:30:19	1	0	1	0
      143	2018-06-06 08:30:38	1	0	1	0
      141	2018-06-06 08:31:10	1	0	1	0
       89	2018-06-06 08:34:23	1	0	1	0
       13	2018-06-06 08:37:09	1	0	1	0
       13	2018-06-06 08:37:11	1	0	1	0
        4	2018-06-06 08:39:38	1	0	1	0
      125	2018-06-06 08:42:05	1	0	1	0
       48	2018-06-06 08:43:52	1	0	1	0
      116	2018-06-06 08:56:15	1	0	1	0
      118	2018-06-06 08:58:03	1	0	1	0
       85	2018-06-06 08:58:53	1	0	1	0
      120	2018-06-06 09:03:01	1	0	1	0
      144	2018-06-06 09:16:55	1	0	1	0
       88	2018-06-06 09:29:38	1	0	1	0
      108	2018-06-06 09:33:31	1	0	1	0
      151	2018-06-06 09:54:56	1	0	1	0
      115	2018-06-06 18:30:50	1	1	1	0
      137	2018-06-06 18:31:42	1	1	1	0
      125	2018-06-06 18:32:22	1	0	1	0
      125	2018-06-06 18:32:29	1	1	1	0
      144	2018-06-06 18:32:30	1	1	1	0
       43	2018-06-06 18:32:50	1	1	1	0
      155	2018-06-06 18:33:24	1	0	1	0
       96	2018-06-06 18:33:32	1	1	1	0
      170	2018-06-06 18:33:37	1	1	1	0
      169	2018-06-06 18:33:42	1	1	1	0
      165	2018-06-06 18:33:47	1	1	1	0
      163	2018-06-06 18:33:53	1	1	1	0
      131	2018-06-06 18:33:56	1	1	1	0
      141	2018-06-06 18:34:00	1	1	1	0
      166	2018-06-06 18:34:04	1	1	1	0
      143	2018-06-06 18:34:08	1	1	1	0
      140	2018-06-06 18:34:16	1	1	1	0
      136	2018-06-06 18:34:23	1	1	1	0
      124	2018-06-06 18:34:25	1	1	1	0
      159	2018-06-06 18:34:30	1	1	1	0
      152	2018-06-06 18:34:53	1	1	1	0
       89	2018-06-06 18:35:04	1	1	1	0
      108	2018-06-06 18:35:17	1	1	1	0
      155	2018-06-06 18:35:20	1	1	1	0
      121	2018-06-06 18:35:25	1	1	1	0
      156	2018-06-06 18:36:36	1	1	1	0
      132	2018-06-06 18:36:48	1	1	1	0
       48	2018-06-06 18:37:04	1	1	1	0
      151	2018-06-06 18:37:43	1	1	1	0
      151	2018-06-06 18:37:46	1	1	1	0
       88	2018-06-06 18:37:56	1	1	1	0
       97	2018-06-06 18:38:22	1	1	1	0
      118	2018-06-06 18:39:10	1	1	1	0
      118	2018-06-06 18:39:12	1	1	1	0
      153	2018-06-06 18:40:29	1	1	1	0
      104	2018-06-06 18:40:37	1	1	1	0
      104	2018-06-06 18:40:39	1	1	1	0
      128	2018-06-06 18:44:02	1	1	1	0
      149	2018-06-06 18:44:14	1	1	1	0
      123	2018-06-06 18:46:01	1	1	1	0
       55	2018-06-06 18:46:30	1	1	1	0
      120	2018-06-06 18:52:08	1	0	1	0
      120	2018-06-06 18:52:11	1	0	1	0
      116	2018-06-06 18:52:20	1	1	1	0
      103	2018-06-06 19:01:53	1	1	1	0
       78	2018-06-06 19:31:08	1	1	1	0
       69	2018-06-06 20:25:17	1	1	1	0
       92	2018-06-06 20:25:30	1	1	1	0
      111	2018-06-06 20:26:55	1	1	1	0
       85	2018-06-06 20:27:27	1	1	1	0
       13	2018-06-06 20:27:29	1	1	1	0
        4	2018-06-06 20:27:34	1	1	1	0
      153	2018-06-07 07:05:04	1	0	1	0
      137	2018-06-07 07:18:08	1	1	1	0
      170	2018-06-07 07:35:10	1	0	1	0
      169	2018-06-07 07:35:15	1	0	1	0
      117	2018-06-07 07:40:59	1	0	1	0
      140	2018-06-07 07:42:00	1	0	1	0
      159	2018-06-07 07:43:26	1	0	1	0
      155	2018-06-07 07:54:48	1	0	1	0
       97	2018-06-07 07:55:43	1	0	1	0
      156	2018-06-07 08:03:33	1	0	1	0
      152	2018-06-07 08:05:09	1	0	1	0
      136	2018-06-07 08:10:10	1	0	1	0
      115	2018-06-07 08:12:16	1	0	1	0
       92	2018-06-07 08:19:12	1	0	1	0
      132	2018-06-07 08:21:45	1	0	1	0
       69	2018-06-07 08:22:00	1	0	1	0
      128	2018-06-07 08:23:15	1	0	1	0
      125	2018-06-07 08:23:43	1	0	1	0
      111	2018-06-07 08:25:25	1	0	1	0
      104	2018-06-07 08:31:02	1	0	1	0
       89	2018-06-07 08:34:47	1	0	1	0
       43	2018-06-07 08:35:33	1	0	1	0
      123	2018-06-07 08:35:44	1	0	1	0
      143	2018-06-07 08:37:24	1	0	1	0
       85	2018-06-07 08:41:51	1	0	1	0
        4	2018-06-07 08:44:29	1	0	1	0
      163	2018-06-07 08:47:40	1	0	1	0
       13	2018-06-07 08:49:44	1	0	1	0
      121	2018-06-07 08:53:01	1	0	1	0
      141	2018-06-07 08:53:30	1	0	1	0
      131	2018-06-07 08:54:59	1	0	1	0
      118	2018-06-07 08:57:42	1	0	1	0
      118	2018-06-07 08:57:44	1	0	1	0
      165	2018-06-07 09:03:06	1	0	1	0
       96	2018-06-07 09:03:10	1	0	1	0
       48	2018-06-07 09:07:09	1	0	1	0
       88	2018-06-07 09:08:09	1	0	1	0
      120	2018-06-07 09:17:52	1	0	1	0
      108	2018-06-07 09:24:41	1	0	1	0
      144	2018-06-07 10:00:50	1	0	1	0
      151	2018-06-07 10:26:11	1	0	1	0
      103	2018-06-07 10:33:38	1	0	1	0
      116	2018-06-07 13:17:06	1	0	1	0
      108	2018-06-07 18:07:43	1	1	1	0
      104	2018-06-07 18:30:18	1	1	1	0
      153	2018-06-07 18:30:25	1	1	1	0
      120	2018-06-07 18:30:30	1	1	1	0
      143	2018-06-07 18:30:34	1	1	1	0
      155	2018-06-07 18:30:39	1	1	1	0
      115	2018-06-07 18:30:55	1	1	1	0
      156	2018-06-07 18:31:00	1	1	1	0
       43	2018-06-07 18:31:07	1	1	1	0
      159	2018-06-07 18:31:19	1	1	1	0
      165	2018-06-07 18:31:24	1	1	1	0
      163	2018-06-07 18:31:30	1	1	1	0
      152	2018-06-07 18:31:40	1	1	1	0
      117	2018-06-07 18:31:47	1	1	1	0
      170	2018-06-07 18:31:49	1	1	1	0
      169	2018-06-07 18:31:52	1	1	1	0
      144	2018-06-07 18:31:55	1	1	1	0
      125	2018-06-07 18:32:01	1	1	1	0
      137	2018-06-07 18:32:06	1	1	1	0
       93	2018-06-07 18:32:36	1	1	1	0
      140	2018-06-07 18:33:02	1	1	1	0
      103	2018-06-07 18:33:23	1	1	1	0
      121	2018-06-07 18:33:28	1	1	1	0
       89	2018-06-07 18:33:33	1	1	1	0
      136	2018-06-07 18:34:57	1	1	1	0
      141	2018-06-07 18:35:01	1	1	1	0
      132	2018-06-07 18:35:09	1	1	1	0
      131	2018-06-07 18:35:21	1	1	1	0
      123	2018-06-07 18:35:44	1	1	1	0
      124	2018-06-07 18:36:16	1	1	1	0
       97	2018-06-07 18:36:18	1	1	1	0
      116	2018-06-07 18:36:25	1	1	1	0
      128	2018-06-07 18:36:36	1	1	1	0
       48	2018-06-07 18:36:43	1	1	1	0
       97	2018-06-07 18:41:42	1	1	1	0
       96	2018-06-07 18:46:33	1	1	1	0
      118	2018-06-07 18:47:54	1	1	1	0
      118	2018-06-07 18:47:55	1	1	1	0
       78	2018-06-07 18:48:05	1	1	1	0
      151	2018-06-07 19:10:27	1	1	1	0
      151	2018-06-07 19:10:30	1	1	1	0
       55	2018-06-07 19:14:22	1	1	1	0
       13	2018-06-07 21:26:05	1	1	1	0
       85	2018-06-07 21:26:25	1	1	1	0
       85	2018-06-07 21:26:29	1	1	1	0
       69	2018-06-07 21:27:41	1	1	1	0
       88	2018-06-07 21:27:46	1	1	1	0
       85	2018-06-07 21:27:50	1	1	1	0
       92	2018-06-07 21:29:27	1	1	1	0
      111	2018-06-07 21:30:37	1	1	1	0
        4	2018-06-07 21:33:35	1	1	1	0
      153	2018-06-08 07:40:39	1	0	1	0
      170	2018-06-08 07:41:07	1	0	1	0
      169	2018-06-08 07:41:16	1	0	1	0
      137	2018-06-08 07:42:35	1	0	1	0
      140	2018-06-08 07:42:54	1	0	1	0
      159	2018-06-08 07:58:17	1	0	1	0
       97	2018-06-08 08:01:04	1	0	1	0
      165	2018-06-08 08:05:03	1	0	1	0
      128	2018-06-08 08:05:56	1	0	1	0
      152	2018-06-08 08:07:30	1	0	1	0
      104	2018-06-08 08:08:46	1	0	1	0
      155	2018-06-08 08:11:47	1	0	1	0
       92	2018-06-08 08:12:48	1	0	1	0
      115	2018-06-08 08:14:10	1	0	1	0
      132	2018-06-08 08:16:23	1	0	1	0
      111	2018-06-08 08:16:53	1	0	1	0
      111	2018-06-08 08:16:57	1	0	1	0
      163	2018-06-08 08:17:58	1	0	1	0
      166	2018-06-08 08:18:04	1	0	1	0
      166	2018-06-08 08:18:05	1	0	1	0
      156	2018-06-08 08:19:18	1	0	1	0
       89	2018-06-08 08:20:18	1	0	1	0
      125	2018-06-08 08:22:41	1	0	1	0
       69	2018-06-08 08:27:06	1	0	1	0
       96	2018-06-08 08:27:31	1	0	1	0
       48	2018-06-08 08:30:33	1	0	1	0
       43	2018-06-08 08:30:58	1	0	1	0
      116	2018-06-08 08:34:41	1	0	1	0
      143	2018-06-08 08:40:33	1	0	1	0
      141	2018-06-08 08:43:44	1	0	1	0
       85	2018-06-08 08:45:01	1	0	1	0
      118	2018-06-08 08:46:26	1	0	1	0
      118	2018-06-08 08:46:28	1	0	1	0
      123	2018-06-08 08:48:08	1	0	1	0
        4	2018-06-08 08:49:12	1	0	1	0
       13	2018-06-08 08:55:25	1	0	1	0
       13	2018-06-08 08:55:27	1	0	1	0
       13	2018-06-08 08:55:29	1	0	1	0
      144	2018-06-08 08:59:37	1	0	1	0
       55	2018-06-08 08:59:47	1	0	1	0
      120	2018-06-08 09:03:03	1	0	1	0
      103	2018-06-08 09:08:29	1	0	1	0
      108	2018-06-08 09:20:06	1	0	1	0
      151	2018-06-08 09:25:16	1	0	1	0
       88	2018-06-08 09:50:01	1	0	1	0
       92	2018-06-08 18:30:04	1	1	1	0
      141	2018-06-08 18:30:09	1	1	1	0
      143	2018-06-08 18:30:42	1	1	1	0
      104	2018-06-08 18:30:49	1	1	1	0
      131	2018-06-08 18:31:09	1	1	1	0
      117	2018-06-08 18:31:27	1	1	1	0
      155	2018-06-08 18:31:33	1	1	1	0
       43	2018-06-08 18:31:42	1	1	1	0
      156	2018-06-08 18:31:52	1	1	1	0
       89	2018-06-08 18:31:57	1	1	1	0
      115	2018-06-08 18:32:13	1	1	1	0
      137	2018-06-08 18:32:39	1	1	1	0
      166	2018-06-08 18:32:58	1	1	1	0
      163	2018-06-08 18:33:05	1	1	1	0
      170	2018-06-08 18:33:08	1	1	1	0
      165	2018-06-08 18:33:17	1	1	1	0
      169	2018-06-08 18:33:34	1	1	1	0
      132	2018-06-08 18:33:42	1	1	1	0
       97	2018-06-08 18:33:45	1	1	1	0
       96	2018-06-08 18:33:50	1	1	1	0
      120	2018-06-08 18:33:55	1	1	1	0
      144	2018-06-08 18:34:04	1	1	1	0
      125	2018-06-08 18:34:08	1	1	1	0
      108	2018-06-08 18:35:48	1	1	1	0
       93	2018-06-08 18:37:29	1	1	1	0
      140	2018-06-08 18:37:40	1	1	1	0
      103	2018-06-08 18:38:10	1	1	1	0
      152	2018-06-08 18:42:00	1	0	1	0
      153	2018-06-08 18:42:08	1	1	1	0
      116	2018-06-08 18:46:33	1	1	1	0
       69	2018-06-08 18:46:40	1	1	1	0
      159	2018-06-08 18:55:32	1	1	1	0
       88	2018-06-08 18:55:54	1	1	1	0
        4	2018-06-08 19:01:52	1	1	1	0
      111	2018-06-08 19:02:20	1	1	1	0
       85	2018-06-08 19:04:43	1	1	1	0
       13	2018-06-08 19:05:55	1	1	1	0
      123	2018-06-08 19:06:02	1	1	1	0
       85	2018-06-08 19:06:05	1	1	1	0
       78	2018-06-08 19:15:59	1	1	1	0
      121	2018-06-08 19:26:15	1	1	1	0
      149	2018-06-08 20:45:07	1	1	1	0
      118	2018-06-08 20:55:05	1	1	1	0
      118	2018-06-08 20:55:06	1	1	1	0
      149	2018-06-08 20:55:11	1	1	1	0
      151	2018-06-08 20:56:03	1	1	1	0
       55	2018-06-11 07:19:30	1	0	1	0
      153	2018-06-11 07:19:45	1	0	1	0
      170	2018-06-11 07:19:52	1	0	1	0
      169	2018-06-11 07:19:56	1	0	1	0
      123	2018-06-11 07:23:15	1	0	1	0
      137	2018-06-11 07:24:53	1	0	1	0
      140	2018-06-11 07:29:07	1	0	1	0
       69	2018-06-11 07:32:54	1	0	1	0
      103	2018-06-11 07:45:29	1	0	1	0
      104	2018-06-11 07:53:27	1	0	1	0
       97	2018-06-11 07:53:56	1	0	1	0
       97	2018-06-11 07:59:41	1	0	1	0
      104	2018-06-11 07:59:45	1	0	1	0
      159	2018-06-11 08:04:21	1	0	1	0
      156	2018-06-11 08:05:56	1	0	1	0
      155	2018-06-11 08:07:06	1	0	1	0
      117	2018-06-11 08:07:32	1	0	1	0
      128	2018-06-11 08:07:37	1	0	1	0
      136	2018-06-11 08:07:44	1	0	1	0
      152	2018-06-11 08:07:58	1	0	1	0
      115	2018-06-11 08:09:48	1	0	1	0
      128	2018-06-11 08:09:53	1	0	1	0
       96	2018-06-11 08:13:40	1	0	1	0
       43	2018-06-11 08:14:10	1	0	1	0
      132	2018-06-11 08:14:27	1	0	1	0
      118	2018-06-11 08:21:48	1	1	1	0
      118	2018-06-11 08:21:50	1	1	1	0
      125	2018-06-11 08:22:26	1	0	1	0
      143	2018-06-11 08:26:43	1	0	1	0
      163	2018-06-11 08:28:31	1	0	1	0
       92	2018-06-11 08:32:42	1	0	1	0
       89	2018-06-11 08:32:47	1	0	1	0
      131	2018-06-11 08:35:10	1	0	1	0
      165	2018-06-11 08:36:35	1	0	1	0
       85	2018-06-11 08:42:00	1	0	1	0
        4	2018-06-11 08:42:30	1	0	1	0
      141	2018-06-11 08:46:27	1	0	1	0
      121	2018-06-11 08:48:04	1	0	1	0
       48	2018-06-11 08:59:00	1	0	1	0
      166	2018-06-11 09:03:42	1	0	1	0
      166	2018-06-11 09:03:44	1	0	1	0
       13	2018-06-11 09:05:29	1	0	1	0
      120	2018-06-11 09:10:21	1	0	1	0
      116	2018-06-11 09:29:14	1	0	1	0
      108	2018-06-11 09:45:29	1	0	1	0
      151	2018-06-11 09:50:18	1	0	1	0
      151	2018-06-11 09:50:26	1	0	1	0
       88	2018-06-11 09:54:50	1	0	1	0
      118	2018-06-11 13:42:57	1	0	1	0
CHECKSUM=2060282020