SN=6333123220238
      180	2018-07-11 07:07:41	1	0	1	0
      180	2018-07-11 07:07:46	1	0	1	0
      137	2018-07-11 07:08:23	1	0	1	0
      140	2018-07-11 07:11:41	1	0	1	0
      123	2018-07-11 07:37:20	1	0	1	0
      172	2018-07-11 07:41:25	1	1	1	0
      172	2018-07-11 07:41:31	1	0	1	0
      153	2018-07-11 07:42:01	1	0	1	0
      165	2018-07-11 07:56:11	1	0	1	0
      165	2018-07-11 07:56:16	1	0	1	0
       55	2018-07-11 08:02:17	1	0	1	0
      156	2018-07-11 08:02:28	1	0	1	0
      155	2018-07-11 08:05:00	1	0	1	0
      182	2018-07-11 08:05:26	1	0	1	0
      136	2018-07-11 08:06:25	1	0	1	0
       69	2018-07-11 08:11:02	1	0	1	0
      120	2018-07-11 08:11:06	1	0	1	0
      178	2018-07-11 08:13:33	1	0	1	0
      178	2018-07-11 08:13:38	1	0	1	0
      104	2018-07-11 08:15:14	1	0	1	0
       97	2018-07-11 08:15:20	1	0	1	0
       97	2018-07-11 08:15:21	1	0	1	0
      131	2018-07-11 08:15:25	1	0	1	0
      141	2018-07-11 08:17:30	1	0	1	0
      132	2018-07-11 08:18:20	1	0	1	0
      121	2018-07-11 08:20:31	1	0	1	0
      152	2018-07-11 08:22:38	1	0	1	0
      143	2018-07-11 08:23:45	1	0	1	0
      115	2018-07-11 08:23:58	1	0	1	0
      128	2018-07-11 08:24:03	1	0	1	0
      125	2018-07-11 08:24:17	1	0	1	0
      111	2018-07-11 08:27:56	1	0	1	0
       92	2018-07-11 08:30:09	1	0	1	0
      163	2018-07-11 08:30:19	1	0	1	0
      163	2018-07-11 08:30:24	1	0	1	0
       85	2018-07-11 08:30:53	1	0	1	0
       48	2018-07-11 08:34:39	1	0	1	0
       89	2018-07-11 08:34:51	1	0	1	0
       96	2018-07-11 08:38:50	1	0	1	0
        4	2018-07-11 08:41:47	1	0	1	0
      116	2018-07-11 08:43:01	1	0	1	0
       13	2018-07-11 09:04:33	1	0	1	0
      108	2018-07-11 09:22:17	1	0	1	0
      103	2018-07-11 09:27:31	1	0	1	0
       74	2018-07-11 09:33:51	1	0	1	0
      151	2018-07-11 10:16:30	1	0	1	0
      151	2018-07-11 14:10:44	1	0	1	0
      151	2018-07-11 14:10:56	1	0	1	0
      151	2018-07-11 14:11:59	1	0	0	0
      118	2018-07-11 14:14:19	1	0	1	0
      118	2018-07-11 14:14:40	1	0	1	0
      155	2018-07-11 18:31:41	1	0	1	0
      156	2018-07-11 18:31:48	1	1	1	0
      155	2018-07-11 18:31:53	1	1	1	0
      123	2018-07-11 18:31:58	1	1	1	0
      137	2018-07-11 18:32:03	1	1	1	0
      115	2018-07-11 18:32:17	1	1	1	0
       93	2018-07-11 18:32:22	1	1	1	0
      104	2018-07-11 18:32:35	1	1	1	0
       89	2018-07-11 18:32:38	1	1	1	0
      140	2018-07-11 18:32:44	1	1	1	0
      153	2018-07-11 18:32:50	1	1	1	0
      141	2018-07-11 18:32:59	1	1	1	0
      108	2018-07-11 18:33:15	1	1	1	0
      180	2018-07-11 18:33:22	1	1	1	0
      180	2018-07-11 18:33:26	1	1	1	0
      125	2018-07-11 18:33:31	1	1	1	0
      120	2018-07-11 18:33:34	1	1	1	0
      116	2018-07-11 18:33:39	1	1	1	0
      178	2018-07-11 18:33:45	1	1	1	0
      178	2018-07-11 18:33:50	1	1	1	0
      171	2018-07-11 18:33:59	1	1	1	0
      103	2018-07-11 18:34:07	1	1	1	0
      165	2018-07-11 18:34:15	1	1	1	0
      152	2018-07-11 18:34:22	1	1	1	0
      132	2018-07-11 18:34:29	1	1	1	0
      136	2018-07-11 18:34:33	1	1	1	0
       96	2018-07-11 18:36:13	1	1	1	0
       74	2018-07-11 18:36:32	1	1	1	0
      172	2018-07-11 18:37:49	1	1	1	0
      117	2018-07-11 18:38:13	1	1	1	0
      121	2018-07-11 18:41:54	1	1	1	0
       97	2018-07-11 18:47:12	1	1	1	0
       97	2018-07-11 18:47:14	1	1	1	0
       85	2018-07-11 18:47:21	1	1	1	0
       85	2018-07-11 18:47:24	1	1	1	0
       48	2018-07-11 18:49:17	1	1	1	0
      151	2018-07-11 18:59:14	1	1	1	0
      118	2018-07-11 18:59:19	1	1	1	0
      118	2018-07-11 18:59:21	1	1	1	0
       78	2018-07-11 19:01:14	1	1	1	0
       78	2018-07-11 19:02:14	1	1	1	0
       13	2018-07-11 19:11:16	1	1	1	0
       55	2018-07-11 19:12:42	1	1	1	0
      182	2018-07-11 19:35:03	1	1	1	0
      163	2018-07-11 19:35:09	1	1	1	0
      163	2018-07-11 19:35:13	1	1	1	0
      149	2018-07-11 19:51:20	1	1	1	0
       55	2018-07-11 19:53:53	1	1	1	0
       69	2018-07-11 20:30:36	1	1	1	0
       92	2018-07-11 20:31:00	1	1	1	0
      111	2018-07-11 20:31:17	1	1	1	0
        4	2018-07-11 20:33:35	1	1	1	0
      140	2018-07-12 07:04:10	1	0	1	0
      137	2018-07-12 07:04:44	1	0	1	0
      180	2018-07-12 07:08:53	1	0	1	0
      180	2018-07-12 07:08:57	1	0	1	0
      153	2018-07-12 07:35:26	1	0	1	0
      121	2018-07-12 07:54:09	1	0	1	0
      117	2018-07-12 07:54:52	1	0	1	0
       55	2018-07-12 08:05:06	1	0	1	0
      155	2018-07-12 08:10:33	1	0	1	0
      156	2018-07-12 08:10:38	1	0	1	0
       43	2018-07-12 08:11:31	1	0	1	0
      182	2018-07-12 08:13:13	1	0	1	0
      115	2018-07-12 08:15:24	1	0	1	0
      143	2018-07-12 08:16:10	1	0	1	0
      152	2018-07-12 08:17:00	1	0	1	0
      136	2018-07-12 08:17:06	1	0	1	0
      172	2018-07-12 08:18:19	1	0	1	0
      131	2018-07-12 08:19:38	1	0	1	0
      165	2018-07-12 08:22:05	1	0	1	0
       69	2018-07-12 08:22:13	1	0	1	0
      128	2018-07-12 08:22:20	1	0	1	0
      163	2018-07-12 08:24:11	1	0	1	0
      163	2018-07-12 08:24:15	1	0	1	0
      178	2018-07-12 08:24:34	1	0	1	0
      178	2018-07-12 08:24:39	1	0	1	0
      132	2018-07-12 08:26:44	1	0	1	0
       89	2018-07-12 08:28:15	1	0	1	0
      125	2018-07-12 08:29:27	1	0	1	0
      141	2018-07-12 08:30:07	1	0	1	0
       92	2018-07-12 08:33:29	1	0	1	0
      116	2018-07-12 08:36:24	1	0	1	0
      111	2018-07-12 08:45:06	1	0	1	0
       96	2018-07-12 08:50:21	1	0	1	0
      120	2018-07-12 08:52:09	1	0	1	0
       88	2018-07-12 09:05:19	1	0	1	0
        4	2018-07-12 09:05:40	1	0	1	0
       13	2018-07-12 09:15:12	1	0	1	0
      118	2018-07-12 09:22:20	1	0	1	0
      118	2018-07-12 09:22:22	1	0	1	0
      108	2018-07-12 09:25:02	1	0	1	0
       74	2018-07-12 09:30:22	1	0	1	0
      151	2018-07-12 10:16:11	1	0	1	0
      104	2018-07-12 18:30:05	1	0	1	0
      137	2018-07-12 18:30:13	1	1	1	0
      156	2018-07-12 18:30:19	1	1	1	0
      155	2018-07-12 18:30:26	1	1	1	0
       89	2018-07-12 18:30:31	1	1	1	0
      143	2018-07-12 18:30:36	1	1	1	0
      115	2018-07-12 18:30:40	1	1	1	0
      141	2018-07-12 18:30:44	1	1	1	0
      108	2018-07-12 18:30:49	1	1	1	0
      140	2018-07-12 18:30:56	1	1	1	0
      153	2018-07-12 18:31:06	1	1	1	0
      123	2018-07-12 18:31:13	1	1	1	0
      121	2018-07-12 18:31:18	1	1	1	0
      163	2018-07-12 18:31:31	1	1	1	0
      163	2018-07-12 18:31:35	1	1	1	0
      172	2018-07-12 18:31:40	1	1	1	0
      172	2018-07-12 18:31:44	1	1	1	0
      152	2018-07-12 18:32:03	1	1	1	0
      131	2018-07-12 18:32:08	1	1	1	0
      180	2018-07-12 18:32:16	1	1	1	0
      180	2018-07-12 18:32:21	1	1	1	0
      124	2018-07-12 18:32:26	1	1	1	0
      128	2018-07-12 18:32:31	1	1	1	0
      136	2018-07-12 18:32:37	1	1	1	0
      171	2018-07-12 18:32:42	1	1	1	0
       43	2018-07-12 18:32:52	1	1	1	0
       78	2018-07-12 18:33:35	1	1	1	0
      125	2018-07-12 18:33:47	1	1	1	0
       96	2018-07-12 18:34:00	1	1	1	0
      132	2018-07-12 18:34:53	1	1	1	0
      116	2018-07-12 18:35:33	1	1	1	0
       97	2018-07-12 18:36:11	1	1	1	0
       85	2018-07-12 18:39:09	1	1	1	0
      182	2018-07-12 19:04:50	1	1	1	0
      120	2018-07-12 19:05:50	1	1	1	0
       55	2018-07-12 19:17:47	1	1	1	0
      149	2018-07-12 19:18:09	1	1	1	0
      118	2018-07-12 19:20:12	1	1	1	0
       88	2018-07-12 19:20:17	1	1	1	0
      151	2018-07-12 19:20:43	1	1	1	0
       69	2018-07-12 21:45:50	1	0	1	0
       13	2018-07-12 21:47:30	1	1	1	0
       13	2018-07-12 21:47:33	1	1	1	0
       92	2018-07-12 22:01:28	1	1	1	0
      111	2018-07-12 22:01:34	1	1	1	0
        4	2018-07-12 22:10:54	1	1	1	0
      120	2018-07-13 07:00:15	1	0	1	0
      120	2018-07-13 07:00:21	1	0	1	0
       96	2018-07-13 07:08:31	1	0	1	0
       96	2018-07-13 07:09:07	1	0	1	0
      125	2018-07-13 07:18:42	1	0	1	0
      116	2018-07-13 07:23:04	1	0	1	0
      153	2018-07-13 07:23:10	1	0	1	0
      180	2018-07-13 07:23:51	1	0	1	0
      180	2018-07-13 07:23:56	1	0	1	0
       13	2018-07-13 07:27:16	1	0	1	0
       13	2018-07-13 07:27:19	1	0	1	0
      165	2018-07-13 07:31:47	1	0	1	0
      137	2018-07-13 07:37:32	1	0	1	0
      140	2018-07-13 07:38:29	1	0	1	0
       97	2018-07-13 07:48:21	1	0	1	0
       97	2018-07-13 07:48:23	1	0	1	0
       48	2018-07-13 07:57:13	1	0	1	0
      156	2018-07-13 08:01:02	1	0	1	0
      163	2018-07-13 08:01:15	1	0	1	0
      163	2018-07-13 08:01:20	1	0	1	0
      136	2018-07-13 08:06:00	1	0	1	0
      182	2018-07-13 08:09:32	1	0	1	0
      155	2018-07-13 08:18:02	1	0	1	0
      143	2018-07-13 08:18:22	1	0	1	0
      152	2018-07-13 08:18:59	1	0	1	0
      143	2018-07-13 08:19:22	1	0	1	0
       69	2018-07-13 08:20:25	1	0	1	0
      178	2018-07-13 08:21:57	1	0	1	0
      178	2018-07-13 08:22:02	1	0	1	0
      141	2018-07-13 08:26:01	1	0	1	0
      111	2018-07-13 08:29:41	1	0	1	0
      131	2018-07-13 08:31:02	1	0	1	0
        4	2018-07-13 08:34:11	1	0	1	0
       55	2018-07-13 08:36:12	1	0	1	0
       88	2018-07-13 08:43:15	1	0	1	0
       85	2018-07-13 08:45:14	1	0	1	0
      121	2018-07-13 08:55:31	1	0	1	0
      104	2018-07-13 09:06:13	1	0	1	0
      118	2018-07-13 09:20:30	1	0	1	0
      118	2018-07-13 09:20:32	1	0	1	0
       92	2018-07-13 09:26:24	1	0	1	0
       74	2018-07-13 09:33:06	1	0	1	0
      108	2018-07-13 09:37:15	1	0	1	0
      151	2018-07-13 09:47:01	1	0	1	0
      103	2018-07-13 10:00:22	1	0	1	0
      140	2018-07-13 18:31:07	1	1	1	0
      156	2018-07-13 18:31:17	1	1	1	0
      182	2018-07-13 18:31:50	1	1	1	0
      178	2018-07-13 18:32:38	1	0	1	0
      178	2018-07-13 18:32:44	1	0	1	0
      180	2018-07-13 18:32:50	1	0	1	0
      180	2018-07-13 18:33:00	1	1	1	0
      171	2018-07-13 18:33:08	1	1	1	0
      137	2018-07-13 18:33:13	1	1	1	0
      155	2018-07-13 18:33:21	1	1	1	0
      178	2018-07-13 18:33:42	1	0	1	0
      178	2018-07-13 18:33:47	1	0	1	0
       74	2018-07-13 18:34:34	1	1	1	0
      141	2018-07-13 18:34:38	1	1	1	0
      165	2018-07-13 18:35:02	1	1	1	0
      165	2018-07-13 18:35:05	1	1	1	0
      152	2018-07-13 18:35:38	1	1	1	0
      131	2018-07-13 18:35:41	1	1	1	0
      132	2018-07-13 18:36:05	1	1	1	0
      153	2018-07-13 18:37:06	1	1	1	0
      104	2018-07-13 18:37:13	1	1	1	0
      104	2018-07-13 18:37:19	1	1	1	0
      104	2018-07-13 18:37:20	1	1	1	0
      163	2018-07-13 18:37:25	1	1	1	0
      163	2018-07-13 18:37:28	1	1	1	0
      123	2018-07-13 18:37:32	1	1	1	0
      117	2018-07-13 18:37:41	1	1	1	0
      117	2018-07-13 18:37:45	1	1	1	0
      128	2018-07-13 18:39:45	1	1	1	0
       85	2018-07-13 18:42:06	1	1	1	0
      108	2018-07-13 18:45:17	1	1	1	0
       69	2018-07-13 18:49:02	1	1	1	0
       92	2018-07-13 18:49:13	1	1	1	0
      111	2018-07-13 18:49:16	1	1	1	0
       88	2018-07-13 18:49:21	1	1	1	0
       85	2018-07-13 18:50:43	1	1	1	0
      136	2018-07-13 18:51:25	1	1	1	0
       97	2018-07-13 18:56:16	1	1	1	0
      103	2018-07-13 18:57:21	1	1	1	0
       78	2018-07-13 19:00:48	1	1	1	0
      151	2018-07-13 19:01:58	1	1	1	0
      118	2018-07-13 19:03:02	1	1	1	0
      118	2018-07-13 19:03:04	1	1	1	0
      118	2018-07-13 19:03:29	1	1	1	0
      121	2018-07-13 19:04:19	1	1	1	0
       55	2018-07-13 19:09:15	1	1	1	0
        4	2018-07-13 19:12:47	1	1	1	0
       55	2018-07-13 19:15:54	1	1	1	0
      149	2018-07-13 19:19:09	1	1	1	0
      120	2018-07-13 19:24:45	1	0	1	0
      125	2018-07-13 19:27:38	1	0	1	0
      125	2018-07-13 19:27:52	1	1	1	0
       48	2018-07-13 19:27:57	1	1	1	0
       96	2018-07-13 19:39:04	1	1	1	0
      116	2018-07-13 19:54:14	1	1	1	0
       13	2018-07-13 19:54:41	1	1	1	0
       13	2018-07-13 19:54:42	1	1	1	0
       13	2018-07-13 19:55:45	1	1	1	0
       69	2018-07-16 07:20:40	1	0	1	0
      137	2018-07-16 07:21:18	1	0	1	0
      140	2018-07-16 07:22:17	1	0	1	0
      123	2018-07-16 07:23:48	1	0	1	0
      120	2018-07-16 07:39:42	1	0	1	0
      180	2018-07-16 07:43:02	1	0	1	0
      180	2018-07-16 07:43:07	1	0	1	0
      153	2018-07-16 07:51:38	1	0	1	0
      156	2018-07-16 08:02:37	1	0	1	0
      155	2018-07-16 08:10:46	1	0	1	0
       55	2018-07-16 08:15:15	1	0	1	0
      115	2018-07-16 08:19:24	1	0	1	0
      117	2018-07-16 08:23:11	1	0	1	0
      117	2018-07-16 08:23:17	1	0	1	0
      132	2018-07-16 08:24:30	1	0	1	0
      152	2018-07-16 08:24:37	1	0	1	0
       48	2018-07-16 08:26:37	1	0	1	0
      178	2018-07-16 08:29:06	1	0	1	0
      178	2018-07-16 08:29:15	1	0	1	0
       92	2018-07-16 08:31:30	1	0	1	0
        4	2018-07-16 08:32:07	1	0	1	0
      143	2018-07-16 08:32:12	1	0	1	0
       97	2018-07-16 08:33:58	1	0	1	0
       97	2018-07-16 08:34:03	1	0	1	0
      136	2018-07-16 08:34:32	1	0	1	0
      128	2018-07-16 08:39:17	1	0	1	0
       89	2018-07-16 08:40:05	1	0	1	0
       85	2018-07-16 08:42:42	1	0	1	0
      116	2018-07-16 08:46:35	1	0	1	0
      141	2018-07-16 08:46:46	1	0	1	0
      111	2018-07-16 08:48:13	1	0	1	0
      131	2018-07-16 08:49:38	1	0	1	0
      125	2018-07-16 08:52:09	1	0	1	0
      104	2018-07-16 08:52:31	1	0	1	0
      163	2018-07-16 09:01:53	1	0	1	0
      163	2018-07-16 09:01:56	1	0	1	0
       96	2018-07-16 09:03:25	1	0	1	0
       43	2018-07-16 09:05:19	1	0	1	0
      108	2018-07-16 09:08:17	1	0	1	0
       88	2018-07-16 09:18:18	1	0	1	0
       93	2018-07-16 09:23:24	1	0	1	0
      118	2018-07-16 09:43:55	1	0	1	0
      118	2018-07-16 09:43:57	1	0	1	0
      151	2018-07-16 10:24:32	1	0	1	0
      103	2018-07-16 10:39:30	1	0	1	0
      115	2018-07-16 18:30:14	1	1	1	0
      140	2018-07-16 18:31:17	1	1	1	0
      137	2018-07-16 18:31:32	1	1	1	0
      120	2018-07-16 18:31:38	1	1	1	0
      108	2018-07-16 18:31:48	1	1	1	0
       88	2018-07-16 18:32:03	1	1	1	0
      156	2018-07-16 18:32:10	1	1	1	0
      155	2018-07-16 18:32:23	1	1	1	0
      163	2018-07-16 18:32:29	1	1	1	0
      163	2018-07-16 18:32:33	1	1	1	0
      180	2018-07-16 18:32:38	1	1	1	0
      153	2018-07-16 18:32:45	1	1	1	0
      131	2018-07-16 18:32:47	1	1	1	0
      136	2018-07-16 18:32:49	1	1	1	0
      152	2018-07-16 18:32:54	1	1	1	0
      104	2018-07-16 18:32:58	1	1	1	0
      104	2018-07-16 18:33:00	1	1	1	0
       93	2018-07-16 18:33:03	1	1	1	0
      171	2018-07-16 18:33:12	1	1	1	0
      171	2018-07-16 18:33:19	1	1	1	0
      117	2018-07-16 18:33:24	1	1	1	0
      117	2018-07-16 18:33:28	1	1	1	0
      141	2018-07-16 18:33:48	1	1	1	0
       89	2018-07-16 18:33:57	1	1	1	0
      103	2018-07-16 18:34:31	1	1	1	0
      178	2018-07-16 18:34:41	1	1	1	0
      178	2018-07-16 18:34:45	1	1	1	0
       96	2018-07-16 18:35:09	1	1	1	0
      151	2018-07-16 18:36:51	1	1	1	0
       43	2018-07-16 18:44:35	1	0	1	0
       43	2018-07-16 18:44:40	1	1	1	0
       97	2018-07-16 18:46:53	1	1	1	0
       97	2018-07-16 18:46:55	1	1	1	0
      118	2018-07-16 18:47:50	1	1	1	0
      118	2018-07-16 18:47:52	1	1	1	0
      118	2018-07-16 18:48:24	1	1	1	0
       85	2018-07-16 18:48:36	1	1	1	0
       85	2018-07-16 18:48:39	1	1	1	0
       48	2018-07-16 18:49:52	1	1	1	0
      111	2018-07-16 18:50:37	1	1	1	0
       85	2018-07-16 18:50:44	1	1	1	0
       85	2018-07-16 18:51:23	1	1	1	0
        4	2018-07-16 18:51:53	1	1	1	0
       55	2018-07-16 19:08:41	1	1	1	0
       55	2018-07-16 19:10:04	1	1	1	0
      149	2018-07-16 19:10:23	1	1	1	0
       78	2018-07-16 19:10:29	1	1	1	0
       69	2018-07-16 20:13:06	1	1	1	0
       92	2018-07-16 20:13:13	1	1	1	0
       48	2018-07-17 06:39:40	1	0	1	0
       96	2018-07-17 06:39:50	1	0	1	0
       13	2018-07-17 07:20:40	1	0	1	0
      153	2018-07-17 07:54:07	1	0	1	0
      131	2018-07-17 08:02:05	1	0	1	0
      123	2018-07-17 08:02:14	1	0	1	0
      180	2018-07-17 08:07:56	1	0	1	0
      180	2018-07-17 08:08:01	1	0	1	0
      115	2018-07-17 08:15:15	1	0	1	0
      152	2018-07-17 08:15:38	1	0	1	0
       69	2018-07-17 08:20:23	1	0	1	0
      136	2018-07-17 08:25:34	1	0	1	0
      116	2018-07-17 08:27:41	1	0	1	0
      163	2018-07-17 08:31:49	1	0	1	0
      163	2018-07-17 08:31:52	1	0	1	0
       92	2018-07-17 08:31:56	1	0	1	0
      156	2018-07-17 08:32:02	1	0	1	0
       55	2018-07-17 08:35:39	1	0	1	0
       97	2018-07-17 08:36:08	1	0	1	0
       97	2018-07-17 08:36:10	1	0	1	0
      178	2018-07-17 08:40:59	1	0	1	0
      178	2018-07-17 08:41:01	1	0	1	0
       89	2018-07-17 08:42:03	1	0	1	0
      143	2018-07-17 08:43:53	1	0	1	0
      132	2018-07-17 08:46:15	1	0	1	0
       43	2018-07-17 08:47:06	1	0	1	0
        4	2018-07-17 08:52:44	1	0	1	0
      141	2018-07-17 08:54:24	1	0	1	0
      118	2018-07-17 09:10:27	1	0	1	0
      118	2018-07-17 09:10:29	1	0	1	0
      120	2018-07-17 09:14:32	1	0	1	0
      125	2018-07-17 09:20:29	1	0	1	0
      111	2018-07-17 09:59:06	1	0	1	0
      151	2018-07-17 10:00:00	1	0	1	0
       88	2018-07-17 10:43:28	1	0	1	0
      163	2018-07-17 17:28:56	1	1	1	0
      171	2018-07-17 17:29:16	1	1	1	0
      171	2018-07-17 17:29:21	1	1	1	0
      153	2018-07-17 17:32:21	1	1	1	0
       89	2018-07-17 17:32:27	1	1	1	0
      152	2018-07-17 17:32:39	1	1	1	0
      156	2018-07-17 17:32:45	1	1	1	0
      165	2018-07-17 17:33:44	1	1	1	0
      117	2018-07-17 17:33:55	1	1	1	0
      180	2018-07-17 17:34:32	1	0	1	0
      180	2018-07-17 17:34:50	1	1	1	0
      178	2018-07-17 17:35:32	1	0	1	0
      178	2018-07-17 17:35:38	1	0	1	0
      118	2018-07-17 17:38:10	1	1	1	0
      118	2018-07-17 17:38:14	1	1	1	0
      151	2018-07-17 17:39:44	1	1	1	0
       43	2018-07-17 17:40:02	1	1	1	0
      115	2018-07-17 17:46:43	1	1	1	0
      108	2018-07-17 17:53:28	1	1	1	0
        4	2018-07-17 17:55:42	1	1	1	0
      111	2018-07-17 17:55:56	1	1	1	0
       88	2018-07-17 17:56:12	1	1	1	0
       92	2018-07-17 17:56:43	1	1	1	0
       69	2018-07-17 17:56:55	1	1	1	0
       85	2018-07-17 18:00:22	1	1	1	0
       97	2018-07-18 06:26:59	1	0	1	0
      128	2018-07-18 06:32:15	1	0	1	0
      163	2018-07-18 07:18:44	1	0	1	0
      163	2018-07-18 07:18:49	1	0	1	0
      136	2018-07-18 07:35:51	1	0	1	0
       96	2018-07-18 07:48:11	1	0	1	0
      155	2018-07-18 07:51:38	1	0	1	0
      125	2018-07-18 07:53:51	1	0	1	0
      125	2018-07-18 08:01:59	1	0	1	0
      156	2018-07-18 08:02:06	1	0	1	0
       55	2018-07-18 08:07:16	1	0	1	0
      153	2018-07-18 08:08:24	1	0	1	0
      143	2018-07-18 08:09:17	1	0	1	0
      141	2018-07-18 08:09:26	1	0	1	0
       55	2018-07-18 08:10:18	1	0	1	0
      115	2018-07-18 08:15:12	1	0	1	0
      111	2018-07-18 08:25:31	1	0	1	0
       43	2018-07-18 08:26:40	1	0	1	0
      152	2018-07-18 08:27:50	1	0	1	0
       43	2018-07-18 08:28:35	1	0	1	0
       69	2018-07-18 08:34:33	1	0	1	0
       89	2018-07-18 08:36:03	1	0	1	0
       48	2018-07-18 08:36:28	1	0	1	0
      116	2018-07-18 08:48:26	1	0	1	0
       13	2018-07-18 09:05:23	1	0	1	0
       13	2018-07-18 09:05:25	1	0	1	0
        4	2018-07-18 09:06:34	1	0	1	0
      118	2018-07-18 09:07:23	1	0	1	0
      118	2018-07-18 09:07:25	1	0	1	0
       93	2018-07-18 09:23:30	1	0	1	0
      120	2018-07-18 09:32:50	1	0	1	0
      151	2018-07-18 09:46:03	1	0	1	0
      108	2018-07-18 09:50:27	1	0	1	0
       92	2018-07-18 10:01:21	1	0	1	0
       88	2018-07-18 10:15:58	1	0	1	0
      103	2018-07-18 10:17:01	1	0	1	0
        4	2018-07-18 18:30:08	1	1	1	0
      143	2018-07-18 18:30:15	1	1	1	0
       88	2018-07-18 18:30:30	1	1	1	0
      115	2018-07-18 18:30:41	1	1	1	0
      156	2018-07-18 18:30:47	1	1	1	0
      120	2018-07-18 18:30:54	1	1	1	0
      117	2018-07-18 18:31:03	1	1	1	0
      131	2018-07-18 18:31:33	1	1	1	0
      163	2018-07-18 18:31:38	1	1	1	0
      165	2018-07-18 18:31:43	1	1	1	0
      180	2018-07-18 18:32:05	1	1	1	0
      180	2018-07-18 18:32:10	1	1	1	0
       96	2018-07-18 18:33:10	1	1	1	0
      132	2018-07-18 18:33:16	1	1	1	0
      125	2018-07-18 18:33:21	1	1	1	0
      136	2018-07-18 18:33:24	1	1	1	0
      171	2018-07-18 18:33:30	1	1	1	0
      128	2018-07-18 18:33:38	1	1	1	0
       89	2018-07-18 18:34:38	1	1	1	0
       89	2018-07-18 18:34:39	1	1	1	0
      141	2018-07-18 18:34:49	1	1	1	0
       43	2018-07-18 18:35:25	1	1	1	0
      152	2018-07-18 18:35:39	1	1	1	0
      153	2018-07-18 18:36:26	1	1	1	0
       93	2018-07-18 18:37:10	1	1	1	0
       78	2018-07-18 18:37:36	1	1	1	0
       97	2018-07-18 18:38:13	1	1	1	0
      116	2018-07-18 18:40:51	1	1	1	0
      155	2018-07-18 18:42:23	1	0	1	0
      123	2018-07-18 18:43:30	1	1	1	0
      118	2018-07-18 18:43:34	1	1	1	0
      118	2018-07-18 18:43:37	1	1	1	0
      118	2018-07-18 18:43:39	1	1	1	0
      151	2018-07-18 18:44:22	1	1	1	0
      103	2018-07-18 18:44:47	1	1	1	0
      124	2018-07-18 18:47:15	1	1	1	0
       48	2018-07-18 18:50:18	1	1	1	0
      108	2018-07-18 18:50:55	1	1	1	0
       85	2018-07-18 19:00:07	1	1	1	0
       13	2018-07-18 20:04:41	1	1	1	0
       13	2018-07-18 20:04:42	1	1	1	0
       69	2018-07-18 20:13:04	1	1	1	0
       92	2018-07-18 20:15:16	1	1	1	0
      111	2018-07-18 20:15:22	1	1	1	0
      149	2018-07-18 20:24:33	1	1	1	0
       55	2018-07-18 20:46:53	1	1	1	0
      120	2018-07-19 06:42:27	1	0	1	0
      125	2018-07-19 06:42:59	1	0	1	0
      137	2018-07-19 07:04:47	1	0	1	0
      140	2018-07-19 07:14:05	1	0	1	0
      180	2018-07-19 07:24:28	1	0	1	0
      180	2018-07-19 07:24:34	1	0	1	0
      153	2018-07-19 07:29:36	1	0	1	0
      104	2018-07-19 07:55:38	1	0	1	0
      156	2018-07-19 08:09:59	1	0	1	0
      111	2018-07-19 08:10:37	1	0	1	0
      136	2018-07-19 08:11:10	1	0	1	0
      155	2018-07-19 08:16:48	1	0	1	0
       85	2018-07-19 08:17:43	1	0	1	0
       85	2018-07-19 08:17:46	1	0	1	0
       97	2018-07-19 08:21:28	1	0	1	0
      163	2018-07-19 08:23:28	1	0	1	0
      143	2018-07-19 08:23:52	1	0	1	0
      132	2018-07-19 08:24:24	1	0	1	0
      115	2018-07-19 08:24:31	1	0	1	0
       55	2018-07-19 08:25:47	1	0	1	0
       69	2018-07-19 08:25:58	1	0	1	0
      143	2018-07-19 08:27:21	1	0	1	0
      152	2018-07-19 08:29:15	1	0	1	0
      152	2018-07-19 08:29:17	1	0	1	0
      131	2018-07-19 08:29:58	1	0	1	0
       89	2018-07-19 08:36:20	1	0	1	0
      128	2018-07-19 08:37:04	1	0	1	0
       92	2018-07-19 08:37:38	1	0	1	0
       93	2018-07-19 08:39:14	1	0	1	0
      141	2018-07-19 08:43:42	1	0	1	0
       96	2018-07-19 08:44:53	1	0	1	0
      116	2018-07-19 08:56:37	1	0	1	0
       43	2018-07-19 08:57:11	1	0	1	0
       48	2018-07-19 09:01:14	1	0	1	0
      108	2018-07-19 09:11:17	1	0	1	0
        4	2018-07-19 09:19:31	1	0	1	0
      118	2018-07-19 09:40:51	1	1	1	0
      118	2018-07-19 09:40:54	1	0	1	0
      118	2018-07-19 09:40:56	1	0	1	0
       88	2018-07-19 11:42:22	1	0	1	0
      143	2018-07-19 18:30:03	1	1	1	0
      140	2018-07-19 18:30:06	1	1	1	0
       89	2018-07-19 18:30:20	1	1	1	0
      108	2018-07-19 18:30:26	1	1	1	0
      115	2018-07-19 18:30:31	1	1	1	0
      104	2018-07-19 18:30:34	1	1	1	0
      155	2018-07-19 18:30:39	1	1	1	0
      137	2018-07-19 18:30:42	1	1	1	0
      156	2018-07-19 18:30:47	1	1	1	0
      153	2018-07-19 18:31:07	1	1	1	0
      180	2018-07-19 18:31:13	1	1	1	0
      180	2018-07-19 18:31:18	1	1	1	0
      171	2018-07-19 18:31:45	1	1	1	0
      131	2018-07-19 18:32:30	1	1	1	0
      152	2018-07-19 18:32:35	1	1	1	0
      136	2018-07-19 18:32:54	1	1	1	0
      163	2018-07-19 18:33:09	1	1	1	0
       43	2018-07-19 18:33:15	1	0	1	0
      165	2018-07-19 18:33:37	1	1	1	0
      165	2018-07-19 18:33:43	1	1	1	0
      132	2018-07-19 18:34:38	1	1	1	0
      117	2018-07-19 18:35:00	1	1	1	0
      117	2018-07-19 18:35:05	1	1	1	0
       78	2018-07-19 18:36:17	1	1	1	0
       96	2018-07-19 18:38:24	1	1	1	0
      141	2018-07-19 18:38:45	1	1	1	0
       74	2018-07-19 18:39:36	1	1	1	0
      118	2018-07-19 18:45:30	1	1	1	0
      118	2018-07-19 18:45:33	1	1	1	0
      118	2018-07-19 18:46:16	1	1	1	0
      118	2018-07-19 18:46:20	1	1	1	0
       97	2018-07-19 18:46:54	1	1	1	0
      116	2018-07-19 18:50:38	1	1	1	0
       48	2018-07-19 19:04:08	1	1	1	0
      149	2018-07-19 19:27:01	1	1	1	0
       55	2018-07-19 20:12:40	1	1	1	0
       55	2018-07-19 20:35:22	1	1	1	0
       85	2018-07-19 22:20:01	1	1	1	0
       92	2018-07-19 22:25:33	1	1	1	0
       69	2018-07-19 22:25:42	1	1	1	0
      111	2018-07-19 22:29:09	1	1	1	0
        4	2018-07-19 22:33:11	1	1	1	0
      137	2018-07-20 07:41:36	1	0	1	0
      153	2018-07-20 07:43:13	1	0	1	0
      140	2018-07-20 07:52:38	1	0	1	0
      125	2018-07-20 07:56:05	1	0	1	0
      180	2018-07-20 07:57:13	1	0	1	0
      180	2018-07-20 07:57:19	1	0	1	0
      156	2018-07-20 08:15:44	1	0	1	0
      143	2018-07-20 08:17:38	1	0	1	0
      163	2018-07-20 08:17:53	1	0	1	0
      115	2018-07-20 08:20:02	1	0	1	0
      155	2018-07-20 08:28:07	1	0	1	0
      152	2018-07-20 08:29:35	1	0	1	0
      111	2018-07-20 08:32:46	1	0	1	0
       69	2018-07-20 08:33:18	1	0	1	0
       92	2018-07-20 08:37:38	1	0	1	0
      141	2018-07-20 08:38:25	1	0	1	0
       89	2018-07-20 08:41:38	1	0	1	0
      116	2018-07-20 08:45:57	1	0	1	0
      104	2018-07-20 08:52:49	1	0	1	0
       43	2018-07-20 09:03:03	1	0	1	0
       13	2018-07-20 09:08:11	1	0	1	0
       13	2018-07-20 09:08:24	1	0	1	0
       48	2018-07-20 09:10:35	1	0	1	0
      103	2018-07-20 09:15:04	1	0	1	0
      108	2018-07-20 09:27:00	1	0	1	0
        4	2018-07-20 09:28:42	1	0	1	0
      118	2018-07-20 09:45:40	1	0	1	0
      118	2018-07-20 09:45:41	1	0	1	0
      118	2018-07-20 09:46:33	1	0	1	0
      118	2018-07-20 09:50:38	1	0	1	0
      183	2018-07-20 09:51:43	1	0	1	0
      120	2018-07-20 10:24:34	1	0	1	0
      151	2018-07-20 10:28:56	1	0	1	0
       96	2018-07-20 14:30:14	1	0	1	0
      156	2018-07-20 18:30:08	1	1	1	0
      137	2018-07-20 18:30:15	1	1	1	0
      115	2018-07-20 18:30:35	1	1	1	0
      155	2018-07-20 18:31:31	1	0	1	0
      131	2018-07-20 18:31:45	1	0	1	0
      111	2018-07-20 18:31:51	1	1	1	0
      131	2018-07-20 18:32:09	1	1	1	0
        4	2018-07-20 18:32:14	1	1	1	0
       89	2018-07-20 18:32:28	1	1	1	0
      155	2018-07-20 18:32:33	1	1	1	0
       92	2018-07-20 18:32:38	1	1	1	0
      183	2018-07-20 18:32:49	1	1	1	0
      153	2018-07-20 18:32:53	1	1	1	0
       69	2018-07-20 18:33:03	1	1	1	0
      108	2018-07-20 18:33:09	1	1	1	0
      123	2018-07-20 18:33:19	1	1	1	0
      104	2018-07-20 18:33:23	1	1	1	0
      141	2018-07-20 18:33:27	1	1	1	0
      180	2018-07-20 18:33:33	1	1	1	0
      180	2018-07-20 18:33:38	1	1	1	0
      152	2018-07-20 18:33:43	1	1	1	0
      152	2018-07-20 18:33:45	1	1	1	0
      132	2018-07-20 18:33:51	1	1	1	0
       74	2018-07-20 18:34:00	1	1	1	0
      171	2018-07-20 18:34:12	1	1	1	0
      171	2018-07-20 18:34:17	1	1	1	0
      165	2018-07-20 18:34:26	1	1	1	0
      140	2018-07-20 18:34:39	1	1	1	0
      103	2018-07-20 18:34:44	1	1	1	0
      163	2018-07-20 18:34:49	1	1	1	0
      165	2018-07-20 18:34:53	1	1	1	0
      128	2018-07-20 18:34:58	1	1	1	0
       43	2018-07-20 18:35:03	1	1	1	0
      125	2018-07-20 18:36:04	1	0	1	0
      116	2018-07-20 18:36:10	1	1	1	0
       96	2018-07-20 18:36:14	1	1	1	0
       85	2018-07-20 18:38:23	1	1	1	0
       85	2018-07-20 18:38:25	1	1	1	0
      151	2018-07-20 18:38:32	1	1	1	0
      123	2018-07-20 18:38:57	1	1	1	0
      118	2018-07-20 18:39:02	1	1	1	0
      118	2018-07-20 18:39:05	1	1	1	0
       78	2018-07-20 18:40:55	1	1	1	0
      120	2018-07-20 18:41:07	1	1	1	0
      124	2018-07-20 18:42:07	1	1	1	0
       97	2018-07-20 18:48:18	1	1	1	0
       48	2018-07-20 18:55:57	1	1	1	0
      149	2018-07-20 19:40:03	1	1	1	0
       13	2018-07-20 19:49:23	1	1	1	0
       55	2018-07-20 20:25:17	1	1	1	0
       92	2018-07-21 09:15:57	1	0	1	0
      141	2018-07-21 10:16:47	1	0	1	0
      141	2018-07-21 17:00:23	1	1	1	0
       92	2018-07-21 17:00:26	1	1	1	0
      143	2018-07-21 17:00:30	1	1	1	0
      165	2018-07-23 07:04:10	1	0	1	0
      165	2018-07-23 07:04:15	1	0	1	0
      153	2018-07-23 07:10:55	1	0	1	0
       69	2018-07-23 07:23:50	1	0	1	0
      180	2018-07-23 07:34:19	1	0	1	0
      180	2018-07-23 07:34:24	1	0	1	0
      123	2018-07-23 07:45:11	1	0	1	0
      125	2018-07-23 07:53:59	1	0	1	0
      136	2018-07-23 07:56:07	1	0	1	0
      155	2018-07-23 08:00:12	1	0	1	0
      156	2018-07-23 08:02:14	1	0	1	0
      141	2018-07-23 08:04:41	1	0	1	0
      104	2018-07-23 08:09:50	1	0	1	0
       43	2018-07-23 08:11:03	1	0	1	0
      115	2018-07-23 08:13:44	1	0	1	0
      143	2018-07-23 08:16:16	1	0	1	0
      163	2018-07-23 08:18:46	1	0	1	0
      121	2018-07-23 08:19:19	1	0	1	0
      111	2018-07-23 08:21:01	1	0	1	0
      128	2018-07-23 08:23:03	1	0	1	0
      183	2018-07-23 08:23:07	1	0	1	0
      120	2018-07-23 08:23:48	1	0	1	0
      131	2018-07-23 08:25:22	1	0	1	0
      152	2018-07-23 08:25:45	1	0	1	0
       89	2018-07-23 08:26:56	1	0	1	0
      132	2018-07-23 08:27:01	1	0	1	0
       92	2018-07-23 08:27:26	1	0	1	0
       48	2018-07-23 08:28:33	1	0	1	0
        4	2018-07-23 08:39:48	1	0	1	0
       96	2018-07-23 08:50:29	1	0	1	0
      116	2018-07-23 08:54:48	1	0	1	0
       88	2018-07-23 09:06:13	1	0	1	0
      118	2018-07-23 09:12:25	1	0	1	0
      118	2018-07-23 09:12:29	1	0	1	0
      151	2018-07-23 09:32:58	1	0	1	0
      103	2018-07-23 09:48:30	1	0	1	0
      108	2018-07-23 09:49:13	1	0	1	0
       74	2018-07-23 13:56:15	1	0	1	0
        4	2018-07-23 16:14:21	1	1	1	0
      103	2018-07-23 17:17:20	1	1	1	0
      115	2018-07-23 18:30:03	1	1	1	0
      143	2018-07-23 18:30:08	1	1	1	0
      156	2018-07-23 18:30:13	1	1	1	0
      131	2018-07-23 18:30:22	1	1	1	0
      136	2018-07-23 18:30:32	1	1	1	0
      108	2018-07-23 18:30:43	1	1	1	0
      153	2018-07-23 18:30:49	1	1	1	0
      155	2018-07-23 18:30:54	1	1	1	0
       69	2018-07-23 18:31:01	1	1	1	0
      111	2018-07-23 18:31:27	1	1	1	0
       92	2018-07-23 18:31:31	1	1	1	0
      183	2018-07-23 18:31:37	1	1	1	0
      141	2018-07-23 18:31:44	1	1	1	0
      152	2018-07-23 18:31:49	1	1	1	0
       89	2018-07-23 18:31:53	1	1	1	0
       88	2018-07-23 18:32:45	1	4	1	0
       88	2018-07-23 18:32:50	1	1	1	0
      180	2018-07-23 18:33:01	1	1	1	0
       74	2018-07-23 18:33:09	1	1	1	0
      104	2018-07-23 18:33:30	1	1	1	0
      165	2018-07-23 18:33:50	1	1	1	0
      171	2018-07-23 18:33:54	1	1	1	0
      171	2018-07-23 18:33:58	1	1	1	0
      165	2018-07-23 18:34:03	1	1	1	0
      163	2018-07-23 18:35:13	1	1	1	0
      123	2018-07-23 18:36:09	1	1	1	0
      124	2018-07-23 18:36:12	1	1	1	0
       78	2018-07-23 18:40:11	1	1	1	0
      125	2018-07-23 18:43:33	1	1	1	0
       96	2018-07-23 18:48:20	1	1	1	0
       48	2018-07-23 18:48:55	1	1	1	0
      120	2018-07-23 19:00:33	1	1	1	0
      151	2018-07-23 19:05:16	1	1	1	0
      118	2018-07-23 19:05:43	1	1	1	0
      118	2018-07-23 19:05:45	1	1	1	0
      118	2018-07-23 19:06:38	1	1	1	0
      118	2018-07-23 19:06:41	1	1	1	0
       85	2018-07-23 19:09:51	1	1	1	0
       85	2018-07-23 19:14:53	1	1	1	0
       13	2018-07-23 19:16:13	1	1	1	0
       13	2018-07-23 19:16:15	1	1	1	0
      116	2018-07-23 19:34:06	1	1	1	0
      149	2018-07-23 19:34:17	1	1	1	0
       55	2018-07-23 19:42:29	1	1	1	0
       55	2018-07-23 19:42:58	1	1	1	0
       96	2018-07-24 06:10:46	1	0	1	0
      125	2018-07-24 06:14:25	1	0	1	0
      121	2018-07-24 06:17:48	1	0	1	0
       13	2018-07-24 06:46:05	1	0	1	0
      123	2018-07-24 06:47:42	1	0	1	0
      137	2018-07-24 07:08:34	1	0	1	0
      153	2018-07-24 07:13:01	1	0	1	0
      140	2018-07-24 07:16:44	1	0	1	0
       97	2018-07-24 07:16:49	1	0	1	0
       97	2018-07-24 07:18:23	1	0	1	0
      128	2018-07-24 07:23:27	1	0	1	0
      153	2018-07-24 07:23:33	1	0	1	0
      104	2018-07-24 07:56:47	1	0	1	0
      104	2018-07-24 07:56:57	1	0	1	0
      156	2018-07-24 08:05:00	1	0	1	0
       55	2018-07-24 08:13:24	1	0	1	0
      115	2018-07-24 08:17:01	1	0	1	0
      152	2018-07-24 08:18:28	1	0	1	0
      136	2018-07-24 08:26:04	1	0	1	0
      143	2018-07-24 08:26:49	1	0	1	0
      155	2018-07-24 08:29:15	1	0	1	0
       69	2018-07-24 08:29:46	1	0	1	0
       92	2018-07-24 08:29:52	1	0	1	0
      111	2018-07-24 08:35:54	1	0	1	0
      183	2018-07-24 08:40:35	1	0	1	0
       89	2018-07-24 08:42:12	1	0	1	0
      141	2018-07-24 08:49:27	1	0	1	0
      141	2018-07-24 08:49:29	1	0	1	0
      131	2018-07-24 08:50:05	1	0	1	0
       85	2018-07-24 08:52:05	1	0	1	0
       48	2018-07-24 08:58:18	1	0	1	0
        4	2018-07-24 08:59:00	1	0	1	0
       43	2018-07-24 09:06:23	1	0	1	0
      120	2018-07-24 09:08:06	1	0	1	0
      108	2018-07-24 09:18:27	1	0	1	0
      118	2018-07-24 09:30:28	1	0	1	0
      151	2018-07-24 09:51:54	1	0	1	0
      103	2018-07-24 09:52:01	1	0	1	0
       74	2018-07-24 10:03:04	1	0	1	0
      115	2018-07-24 18:30:15	1	1	1	0
      143	2018-07-24 18:30:19	1	1	1	0
      140	2018-07-24 18:30:25	1	1	1	0
      137	2018-07-24 18:30:28	1	1	1	0
      155	2018-07-24 18:30:31	1	1	1	0
      155	2018-07-24 18:30:35	1	1	1	0
      156	2018-07-24 18:30:39	1	1	1	0
       89	2018-07-24 18:30:42	1	1	1	0
       89	2018-07-24 18:30:44	1	1	1	0
      131	2018-07-24 18:30:59	1	1	1	0
      132	2018-07-24 18:31:08	1	1	1	0
      165	2018-07-24 18:31:19	1	1	1	0
      165	2018-07-24 18:31:24	1	1	1	0
      171	2018-07-24 18:31:37	1	1	1	0
      171	2018-07-24 18:31:39	1	1	1	0
      153	2018-07-24 18:31:42	1	1	1	0
       92	2018-07-24 18:31:48	1	1	1	0
      180	2018-07-24 18:31:53	1	1	1	0
      163	2018-07-24 18:31:59	1	1	1	0
      104	2018-07-24 18:32:27	1	1	1	0
      152	2018-07-24 18:32:33	1	1	1	0
      183	2018-07-24 18:32:50	1	1	1	0
      141	2018-07-24 18:33:05	1	1	1	0
      111	2018-07-24 18:33:44	1	1	1	0
        4	2018-07-24 18:33:51	1	1	1	0
       43	2018-07-24 18:34:55	1	1	1	0
      103	2018-07-24 18:38:26	1	1	1	0
      120	2018-07-24 18:45:34	1	1	1	0
       85	2018-07-24 18:46:49	1	1	1	0
       85	2018-07-24 18:46:52	1	1	1	0
      151	2018-07-24 18:47:11	1	1	1	0
      118	2018-07-24 18:47:25	1	1	1	0
      118	2018-07-24 18:47:27	1	1	1	0
       78	2018-07-24 18:48:13	1	1	1	0
       48	2018-07-24 19:00:01	1	1	1	0
       97	2018-07-24 19:34:30	1	1	1	0
      136	2018-07-24 19:35:00	1	1	1	0
       55	2018-07-24 20:07:13	1	1	1	0
       69	2018-07-24 20:32:20	1	1	1	0
       74	2018-07-24 20:33:42	1	1	1	0
      123	2018-07-25 06:53:09	1	0	1	0
      132	2018-07-25 07:18:02	1	0	1	0
       97	2018-07-25 07:22:16	1	0	1	0
      153	2018-07-25 07:22:40	1	0	1	0
      137	2018-07-25 07:29:34	1	0	1	0
      140	2018-07-25 07:33:54	1	0	1	0
      163	2018-07-25 07:35:30	1	0	1	0
      163	2018-07-25 07:35:33	1	0	1	0
      156	2018-07-25 07:58:20	1	0	1	0
      125	2018-07-25 08:05:41	1	0	1	0
      131	2018-07-25 08:06:40	1	0	1	0
       55	2018-07-25 08:09:05	1	0	1	0
      136	2018-07-25 08:11:51	1	0	1	0
       69	2018-07-25 08:13:39	1	0	1	0
      165	2018-07-25 08:16:50	1	0	1	0
      165	2018-07-25 08:16:55	1	0	1	0
      115	2018-07-25 08:19:30	1	0	1	0
      143	2018-07-25 08:25:00	1	0	1	0
      152	2018-07-25 08:27:32	1	0	1	0
      128	2018-07-25 08:32:03	1	0	1	0
       96	2018-07-25 08:32:22	1	0	1	0
       89	2018-07-25 08:35:42	1	0	1	0
      155	2018-07-25 08:36:12	1	0	1	0
      111	2018-07-25 08:36:45	1	0	1	0
       92	2018-07-25 08:37:05	1	1	1	0
      141	2018-07-25 08:38:54	1	0	1	0
      116	2018-07-25 08:41:02	1	0	1	0
       13	2018-07-25 08:50:11	1	0	1	0
       13	2018-07-25 08:50:13	1	0	1	0
       48	2018-07-25 08:51:01	1	0	1	0
      108	2018-07-25 08:57:08	1	0	1	0
       43	2018-07-25 08:57:40	1	0	1	0
      121	2018-07-25 08:59:22	1	0	1	0
        4	2018-07-25 09:02:41	1	0	1	0
      118	2018-07-25 09:21:37	1	0	1	0
      118	2018-07-25 09:21:39	1	0	1	0
      120	2018-07-25 09:26:26	1	0	1	0
       74	2018-07-25 09:34:35	1	0	1	0
       88	2018-07-25 09:59:18	1	0	1	0
      151	2018-07-25 10:31:24	1	0	1	0
      137	2018-07-25 18:30:02	1	0	1	0
      137	2018-07-25 18:30:09	1	1	1	0
      156	2018-07-25 18:30:14	1	1	1	0
      143	2018-07-25 18:30:18	1	1	1	0
      155	2018-07-25 18:30:23	1	1	1	0
      108	2018-07-25 18:30:30	1	1	1	0
      153	2018-07-25 18:30:34	1	1	1	0
      121	2018-07-25 18:30:37	1	1	1	0
      141	2018-07-25 18:30:41	1	1	1	0
      140	2018-07-25 18:30:46	1	1	1	0
      131	2018-07-25 18:31:00	1	1	1	0
      115	2018-07-25 18:31:05	1	1	1	0
      121	2018-07-25 18:31:09	1	1	1	0
      104	2018-07-25 18:31:14	1	1	1	0
       89	2018-07-25 18:31:18	1	1	1	0
      171	2018-07-25 18:31:21	1	1	1	0
      163	2018-07-25 18:31:27	1	1	1	0
      152	2018-07-25 18:31:31	1	1	1	0
      180	2018-07-25 18:32:16	1	0	1	0
      180	2018-07-25 18:32:25	1	1	1	0
      165	2018-07-25 18:32:31	1	1	1	0
       96	2018-07-25 18:32:43	1	1	1	0
       43	2018-07-25 18:33:03	1	1	1	0
      117	2018-07-25 18:33:28	1	1	1	0
      117	2018-07-25 18:33:30	1	1	1	0
      128	2018-07-25 18:38:21	1	1	1	0
      120	2018-07-25 18:38:59	1	1	1	0
      125	2018-07-25 18:40:52	1	1	1	0
      116	2018-07-25 18:41:07	1	1	1	0
      118	2018-07-25 18:41:27	1	1	1	0
      118	2018-07-25 18:41:29	1	1	1	0
      151	2018-07-25 18:41:35	1	1	1	0
       48	2018-07-25 18:42:53	1	1	1	0
       88	2018-07-25 18:44:30	1	1	1	0
       78	2018-07-25 18:45:54	1	1	1	0
       74	2018-07-25 18:47:20	1	1	1	0
       85	2018-07-25 18:53:40	1	1	1	0
      123	2018-07-25 19:05:25	1	1	1	0
      132	2018-07-25 19:06:46	1	1	1	0
       97	2018-07-25 19:07:02	1	1	1	0
      136	2018-07-25 19:16:03	1	1	1	0
       13	2018-07-25 19:34:32	1	1	1	0
       13	2018-07-25 19:34:34	1	1	1	0
      149	2018-07-25 20:21:58	1	1	1	0
       55	2018-07-25 20:22:41	1	1	1	0
       69	2018-07-25 20:26:53	1	1	1	0
       92	2018-07-25 20:51:20	1	1	1	0
        4	2018-07-25 20:51:33	1	1	1	0
CHECKSUM=-913299970