SN=6333123220238
      141	2018-08-11 10:02:27	1	0	1	0
       69	2018-08-11 10:02:32	1	0	1	0
        4	2018-08-11 10:03:10	1	0	1	0
       92	2018-08-11 10:12:25	1	0	1	0
      111	2018-08-11 11:08:58	1	0	1	0
      111	2018-08-11 15:58:35	1	1	1	0
       92	2018-08-11 15:58:39	1	1	1	0
        4	2018-08-11 15:58:44	1	1	1	0
       69	2018-08-11 15:58:53	1	1	1	0
      141	2018-08-11 15:58:58	1	1	1	0
      137	2018-08-13 07:16:24	1	0	1	0
      153	2018-08-13 07:18:08	1	0	1	0
      140	2018-08-13 07:22:19	1	0	1	0
      123	2018-08-13 07:31:19	1	0	1	0
       97	2018-08-13 07:53:58	1	0	1	0
      125	2018-08-13 08:07:11	1	0	1	0
      136	2018-08-13 08:15:42	1	0	1	0
      115	2018-08-13 08:17:38	1	0	1	0
      152	2018-08-13 08:17:46	1	0	1	0
      163	2018-08-13 08:20:17	1	0	1	0
      117	2018-08-13 08:22:28	1	0	1	0
      111	2018-08-13 08:23:42	1	0	1	0
      141	2018-08-13 08:23:47	1	0	1	0
      132	2018-08-13 08:26:23	1	0	1	0
      143	2018-08-13 08:32:37	1	0	1	0
       96	2018-08-13 08:34:16	1	0	1	0
      131	2018-08-13 08:36:56	1	1	1	0
      156	2018-08-13 08:46:05	1	0	1	0
      121	2018-08-13 08:46:47	1	0	1	0
       43	2018-08-13 08:47:16	1	0	1	0
       48	2018-08-13 08:55:23	1	0	1	0
        4	2018-08-13 08:56:14	1	0	1	0
      116	2018-08-13 08:56:52	1	0	1	0
       89	2018-08-13 08:58:39	1	0	1	0
       92	2018-08-13 09:00:33	1	0	1	0
       88	2018-08-13 09:03:33	1	0	1	0
      118	2018-08-13 09:19:50	1	0	1	0
      118	2018-08-13 09:19:53	1	0	1	0
      120	2018-08-13 09:22:35	1	0	1	0
       13	2018-08-13 09:22:59	1	0	1	0
      183	2018-08-13 09:28:43	1	0	1	0
      108	2018-08-13 09:33:11	1	0	1	0
       85	2018-08-13 09:36:50	1	0	1	0
      151	2018-08-13 09:50:44	1	0	1	0
      103	2018-08-13 09:53:11	1	0	1	0
      184	2018-08-13 10:40:27	1	0	1	0
      155	2018-08-13 11:01:13	1	0	1	0
      143	2018-08-13 18:30:23	1	1	1	0
      143	2018-08-13 18:30:42	1	1	1	0
      155	2018-08-13 18:30:48	1	1	1	0
      137	2018-08-13 18:30:53	1	1	1	0
      140	2018-08-13 18:30:58	1	1	1	0
       92	2018-08-13 18:31:01	1	1	1	0
      141	2018-08-13 18:31:04	1	1	1	0
      111	2018-08-13 18:31:15	1	1	1	0
      123	2018-08-13 18:31:22	1	1	1	0
        4	2018-08-13 18:31:26	1	1	1	0
      131	2018-08-13 18:31:29	1	1	1	0
      136	2018-08-13 18:31:46	1	1	1	0
      156	2018-08-13 18:31:51	1	1	1	0
      108	2018-08-13 18:31:58	1	1	1	0
      171	2018-08-13 18:32:05	1	1	1	0
      117	2018-08-13 18:32:18	1	1	1	0
      104	2018-08-13 18:32:28	1	1	1	0
      163	2018-08-13 18:32:37	1	1	1	0
      115	2018-08-13 18:32:43	1	1	1	0
       96	2018-08-13 18:32:59	1	1	1	0
       89	2018-08-13 18:33:48	1	1	1	0
      153	2018-08-13 18:33:53	1	1	1	0
       88	2018-08-13 18:35:18	1	1	1	0
      152	2018-08-13 18:35:45	1	1	1	0
       93	2018-08-13 18:36:08	1	1	1	0
       43	2018-08-13 18:36:58	1	1	1	0
       43	2018-08-13 18:38:05	1	1	1	0
      118	2018-08-13 18:41:25	1	1	1	0
      118	2018-08-13 18:41:27	1	1	1	0
      151	2018-08-13 18:41:50	1	1	1	0
      183	2018-08-13 18:42:54	1	0	1	0
      103	2018-08-13 18:43:29	1	1	1	0
      132	2018-08-13 18:43:49	1	1	1	0
       97	2018-08-13 18:46:04	1	1	1	0
      128	2018-08-13 18:47:42	1	1	1	0
      120	2018-08-13 18:47:51	1	1	1	0
       85	2018-08-13 18:47:54	1	1	1	0
       48	2018-08-13 18:48:51	1	1	1	0
      116	2018-08-13 18:52:52	1	1	1	0
       48	2018-08-13 18:53:18	1	1	1	0
      184	2018-08-13 18:53:24	1	1	1	0
       78	2018-08-13 19:08:55	1	1	1	0
       78	2018-08-13 19:09:49	1	1	1	0
       13	2018-08-13 19:20:43	1	1	1	0
       13	2018-08-13 19:20:45	1	1	1	0
      149	2018-08-13 20:11:29	1	1	1	0
       69	2018-08-14 07:02:31	1	0	1	0
      137	2018-08-14 07:13:37	1	0	1	0
      140	2018-08-14 07:15:17	1	0	1	0
      116	2018-08-14 07:32:05	1	0	1	0
      123	2018-08-14 07:33:25	1	0	1	0
      153	2018-08-14 07:42:15	1	0	1	0
      125	2018-08-14 07:44:35	1	0	1	0
       85	2018-08-14 07:48:36	1	0	1	0
      124	2018-08-14 07:54:53	1	0	1	0
      111	2018-08-14 08:02:17	1	0	1	0
      152	2018-08-14 08:04:39	1	0	1	0
       97	2018-08-14 08:05:54	1	0	1	0
      115	2018-08-14 08:07:28	1	0	1	0
       55	2018-08-14 08:13:50	1	0	1	0
       55	2018-08-14 08:13:57	1	0	1	0
      156	2018-08-14 08:14:03	1	0	1	0
      184	2018-08-14 08:18:50	1	0	1	0
      183	2018-08-14 08:26:02	1	0	1	0
      131	2018-08-14 08:26:47	1	0	1	0
       92	2018-08-14 08:28:41	1	0	1	0
      136	2018-08-14 08:30:30	1	0	1	0
      132	2018-08-14 08:34:06	1	0	1	0
      141	2018-08-14 08:36:11	1	0	1	0
        4	2018-08-14 08:37:04	1	0	1	0
        4	2018-08-14 08:37:07	1	0	1	0
       96	2018-08-14 08:39:05	1	0	1	0
      143	2018-08-14 08:39:54	1	0	1	0
      155	2018-08-14 08:49:02	1	0	1	0
      128	2018-08-14 08:51:08	1	0	1	0
       48	2018-08-14 08:56:44	1	0	1	0
       13	2018-08-14 09:14:44	1	0	1	0
       43	2018-08-14 09:22:34	1	0	1	0
      108	2018-08-14 09:25:54	1	0	1	0
      118	2018-08-14 09:30:01	1	0	1	0
       74	2018-08-14 09:46:43	1	0	1	0
      120	2018-08-14 10:04:50	1	0	1	0
      103	2018-08-14 10:06:20	1	0	1	0
      151	2018-08-14 10:34:12	1	0	1	0
      140	2018-08-14 18:30:03	1	1	1	0
      156	2018-08-14 18:30:13	1	1	1	0
      141	2018-08-14 18:30:27	1	1	1	0
      104	2018-08-14 18:30:32	1	1	1	0
      137	2018-08-14 18:30:37	1	1	1	0
      115	2018-08-14 18:30:42	1	1	1	0
      153	2018-08-14 18:31:14	1	1	1	0
       96	2018-08-14 18:31:21	1	1	1	0
       89	2018-08-14 18:31:37	1	1	1	0
      117	2018-08-14 18:31:52	1	1	1	0
       97	2018-08-14 18:32:01	1	1	1	0
      152	2018-08-14 18:32:07	1	1	1	0
      155	2018-08-14 18:32:12	1	1	1	0
      111	2018-08-14 18:33:00	1	1	1	0
       92	2018-08-14 18:33:08	1	1	1	0
      163	2018-08-14 18:33:14	1	1	1	0
       69	2018-08-14 18:33:57	1	1	1	0
      171	2018-08-14 18:34:11	1	1	1	0
      184	2018-08-14 18:34:18	1	1	1	0
       48	2018-08-14 18:35:43	1	1	1	0
      136	2018-08-14 18:35:48	1	1	1	0
      183	2018-08-14 18:36:09	1	1	1	0
      165	2018-08-14 18:37:06	1	1	1	0
      132	2018-08-14 18:37:16	1	1	1	0
       78	2018-08-14 18:38:13	1	1	1	0
      128	2018-08-14 18:39:11	1	1	1	0
       74	2018-08-14 18:40:12	1	1	1	0
       78	2018-08-14 18:42:42	1	1	1	0
      151	2018-08-14 18:43:42	1	1	1	0
      118	2018-08-14 18:43:57	1	1	1	0
      118	2018-08-14 18:44:04	1	1	1	0
      120	2018-08-14 18:44:54	1	1	1	0
      103	2018-08-14 18:48:25	1	1	1	0
       13	2018-08-14 19:04:15	1	1	1	0
       43	2018-08-14 19:17:01	1	1	1	0
      108	2018-08-14 19:17:07	1	1	1	0
      149	2018-08-14 19:53:03	1	1	1	0
       55	2018-08-14 19:58:04	1	1	1	0
      165	2018-08-15 07:10:23	1	0	1	0
      153	2018-08-15 07:14:20	1	0	1	0
      137	2018-08-15 07:29:23	1	0	1	0
      143	2018-08-15 07:56:16	1	0	1	0
      143	2018-08-15 07:59:49	1	0	1	0
      152	2018-08-15 08:00:17	1	0	1	0
      155	2018-08-15 08:02:18	1	0	1	0
      140	2018-08-15 08:02:49	1	0	1	0
      136	2018-08-15 08:07:16	1	0	1	0
      184	2018-08-15 08:12:57	1	0	1	0
      123	2018-08-15 08:13:31	1	0	1	0
      156	2018-08-15 08:13:42	1	0	1	0
       88	2018-08-15 08:14:31	1	0	1	0
       69	2018-08-15 08:18:58	1	0	1	0
      115	2018-08-15 08:21:09	1	0	1	0
       89	2018-08-15 08:24:19	1	0	1	0
      132	2018-08-15 08:25:39	1	0	1	0
       55	2018-08-15 08:26:01	1	0	1	0
       55	2018-08-15 08:26:05	1	0	1	0
      163	2018-08-15 08:26:24	1	0	1	0
      104	2018-08-15 08:26:34	1	0	1	0
      131	2018-08-15 08:27:50	1	1	1	0
      131	2018-08-15 08:27:55	1	0	1	0
       92	2018-08-15 08:30:24	1	0	1	0
       96	2018-08-15 08:30:59	1	0	1	0
      183	2018-08-15 08:31:04	1	0	1	0
      128	2018-08-15 08:31:09	1	0	1	0
      128	2018-08-15 08:31:10	1	0	1	0
      125	2018-08-15 08:33:53	1	0	1	0
      116	2018-08-15 08:36:20	1	0	1	0
      141	2018-08-15 08:40:50	1	0	1	0
       97	2018-08-15 08:42:03	1	0	1	0
       43	2018-08-15 08:45:47	1	0	1	0
       48	2018-08-15 08:56:31	1	0	1	0
      103	2018-08-15 08:57:47	1	0	1	0
       85	2018-08-15 09:01:34	1	0	1	0
      118	2018-08-15 09:12:41	1	0	1	0
      118	2018-08-15 09:12:43	1	0	1	0
      111	2018-08-15 09:20:54	1	0	1	0
       13	2018-08-15 09:23:10	1	0	1	0
      108	2018-08-15 09:23:16	1	0	1	0
       74	2018-08-15 09:26:22	1	0	1	0
        4	2018-08-15 09:34:23	1	0	1	0
      151	2018-08-15 09:48:41	1	0	1	0
      120	2018-08-15 09:58:11	1	0	1	0
      137	2018-08-15 18:30:09	1	1	1	0
      143	2018-08-15 18:30:46	1	1	1	0
      156	2018-08-15 18:30:52	1	1	1	0
      108	2018-08-15 18:31:00	1	1	1	0
      140	2018-08-15 18:31:16	1	1	1	0
      141	2018-08-15 18:31:52	1	1	1	0
       96	2018-08-15 18:32:00	1	1	1	0
      153	2018-08-15 18:32:27	1	1	1	0
      117	2018-08-15 18:32:42	1	1	1	0
      131	2018-08-15 18:33:01	1	1	1	0
      104	2018-08-15 18:33:04	1	1	1	0
      155	2018-08-15 18:33:12	1	1	1	0
      163	2018-08-15 18:33:34	1	1	1	0
      117	2018-08-15 18:33:39	1	1	1	0
      165	2018-08-15 18:34:20	1	1	1	0
      123	2018-08-15 18:34:57	1	1	1	0
      152	2018-08-15 18:35:11	1	1	1	0
       88	2018-08-15 18:35:28	1	1	1	0
      125	2018-08-15 18:37:27	1	1	1	0
      184	2018-08-15 18:37:31	1	1	1	0
      156	2018-08-15 18:39:26	1	1	1	0
      183	2018-08-15 18:40:17	1	0	1	0
      183	2018-08-15 18:40:36	1	1	1	0
      136	2018-08-15 18:40:43	1	1	1	0
      132	2018-08-15 18:40:48	1	1	1	0
      103	2018-08-15 18:42:08	1	1	1	0
       43	2018-08-15 18:42:13	1	1	1	0
       97	2018-08-15 18:42:18	1	1	1	0
      120	2018-08-15 18:42:25	1	1	1	0
      115	2018-08-15 18:42:44	1	1	1	0
      128	2018-08-15 18:45:20	1	1	1	0
       74	2018-08-15 18:45:34	1	1	1	0
       85	2018-08-15 18:47:17	1	1	1	0
       85	2018-08-15 18:47:19	1	1	1	0
       48	2018-08-15 18:47:32	1	1	1	0
      118	2018-08-15 18:52:40	1	1	1	0
      118	2018-08-15 18:52:42	1	1	1	0
      151	2018-08-15 18:55:34	1	1	1	0
      116	2018-08-15 18:58:53	1	1	1	0
       78	2018-08-15 19:13:44	1	1	1	0
       69	2018-08-15 19:17:42	1	1	1	0
      149	2018-08-15 20:23:32	1	1	1	0
       55	2018-08-15 20:23:51	1	1	1	0
       13	2018-08-15 20:25:44	1	1	1	0
      111	2018-08-15 20:29:55	1	1	1	0
       92	2018-08-15 20:30:06	1	1	1	0
        4	2018-08-15 20:35:16	1	1	1	0
       85	2018-08-16 06:20:54	1	0	1	0
      123	2018-08-16 06:49:45	1	0	1	0
      123	2018-08-16 06:49:56	1	0	1	0
      153	2018-08-16 07:05:04	1	0	1	0
      137	2018-08-16 07:22:58	1	0	1	0
      140	2018-08-16 07:25:00	1	0	1	0
       13	2018-08-16 07:36:37	1	0	1	0
       13	2018-08-16 07:36:39	1	0	1	0
      111	2018-08-16 07:58:27	1	0	1	0
      152	2018-08-16 08:09:49	1	0	1	0
      103	2018-08-16 08:12:29	1	0	1	0
      184	2018-08-16 08:12:48	1	0	1	0
       92	2018-08-16 08:17:24	1	0	1	0
       69	2018-08-16 08:22:01	1	0	1	0
      115	2018-08-16 08:23:09	1	0	1	0
      156	2018-08-16 08:26:07	1	0	1	0
      120	2018-08-16 08:27:54	1	0	1	0
      143	2018-08-16 08:29:17	1	0	1	0
       89	2018-08-16 08:29:28	1	0	1	0
       55	2018-08-16 08:33:53	1	0	1	0
      125	2018-08-16 08:37:15	1	0	1	0
      132	2018-08-16 08:39:37	1	0	1	0
      141	2018-08-16 08:40:43	1	0	1	0
      155	2018-08-16 08:41:22	1	0	1	0
       48	2018-08-16 08:42:02	1	0	1	0
       96	2018-08-16 08:42:28	1	0	1	0
      131	2018-08-16 08:45:45	1	0	1	0
      116	2018-08-16 08:49:11	1	0	1	0
       43	2018-08-16 08:53:00	1	0	1	0
        4	2018-08-16 08:59:57	1	0	1	0
      108	2018-08-16 09:18:11	1	0	1	0
      118	2018-08-16 09:22:53	1	0	1	0
      118	2018-08-16 09:22:55	1	0	1	0
      151	2018-08-16 09:40:05	1	0	1	0
       74	2018-08-16 09:42:00	1	0	1	0
      143	2018-08-16 18:30:16	1	1	1	0
      153	2018-08-16 18:31:37	1	1	1	0
      123	2018-08-16 18:31:49	1	1	1	0
      140	2018-08-16 18:31:54	1	1	1	0
      104	2018-08-16 18:32:00	1	1	1	0
      155	2018-08-16 18:32:06	1	1	1	0
      137	2018-08-16 18:32:10	1	1	1	0
      108	2018-08-16 18:32:21	1	1	1	0
      156	2018-08-16 18:32:25	1	1	1	0
       93	2018-08-16 18:32:30	1	1	1	0
      141	2018-08-16 18:32:56	1	1	1	0
      115	2018-08-16 18:33:02	1	1	1	0
       89	2018-08-16 18:33:21	1	1	1	0
      117	2018-08-16 18:33:28	1	1	1	0
      131	2018-08-16 18:33:46	1	1	1	0
      152	2018-08-16 18:33:51	1	1	1	0
      152	2018-08-16 18:33:53	1	1	1	0
      163	2018-08-16 18:33:59	1	1	1	0
      103	2018-08-16 18:35:09	1	1	1	0
      132	2018-08-16 18:35:14	1	1	1	0
      165	2018-08-16 18:35:49	1	1	1	0
      136	2018-08-16 18:37:01	1	1	1	0
      183	2018-08-16 18:37:27	1	1	1	0
       43	2018-08-16 18:40:36	1	1	1	0
       74	2018-08-16 18:48:31	1	1	1	0
       88	2018-08-16 18:48:41	1	1	1	0
       96	2018-08-16 18:49:30	1	1	1	0
       97	2018-08-16 18:49:56	1	1	1	0
      118	2018-08-16 18:50:36	1	0	1	0
      118	2018-08-16 18:50:38	1	0	1	0
      151	2018-08-16 18:50:48	1	1	1	0
      120	2018-08-16 18:52:34	1	1	1	0
      125	2018-08-16 18:56:25	1	1	1	0
      184	2018-08-16 18:56:30	1	1	1	0
       48	2018-08-16 18:57:05	1	1	1	0
       85	2018-08-16 19:00:31	1	1	1	0
      128	2018-08-16 19:01:55	1	1	1	0
       78	2018-08-16 19:18:12	1	1	1	0
      116	2018-08-16 19:25:26	1	1	1	0
       55	2018-08-16 20:04:09	1	1	1	0
       85	2018-08-16 21:34:46	1	1	1	0
       13	2018-08-16 21:36:39	1	1	1	0
       92	2018-08-16 21:47:27	1	1	1	0
       69	2018-08-16 21:47:42	1	1	1	0
      111	2018-08-16 21:48:49	1	1	1	0
        4	2018-08-16 21:59:32	1	1	1	0
      153	2018-08-17 07:16:47	1	0	1	0
      165	2018-08-17 07:21:07	1	0	1	0
      165	2018-08-17 07:21:11	1	0	1	0
      128	2018-08-17 08:06:02	1	0	1	0
      128	2018-08-17 08:06:59	1	0	1	0
       97	2018-08-17 08:15:41	1	0	1	0
       97	2018-08-17 08:15:42	1	0	1	0
      152	2018-08-17 08:18:59	1	0	1	0
      111	2018-08-17 08:19:35	1	0	1	0
      115	2018-08-17 08:20:52	1	0	1	0
      136	2018-08-17 08:21:12	1	0	1	0
      143	2018-08-17 08:24:26	1	0	1	0
       69	2018-08-17 08:24:41	1	0	1	0
      132	2018-08-17 08:25:28	1	0	1	0
      156	2018-08-17 08:28:35	1	0	1	0
      163	2018-08-17 08:29:06	1	0	1	0
      184	2018-08-17 08:30:39	1	0	1	0
      125	2018-08-17 08:32:06	1	0	1	0
       96	2018-08-17 08:34:17	1	0	1	0
       92	2018-08-17 08:36:47	1	0	1	0
        4	2018-08-17 08:37:12	1	0	1	0
      131	2018-08-17 08:39:41	1	0	1	0
      141	2018-08-17 08:43:45	1	0	1	0
      155	2018-08-17 08:46:29	1	0	1	0
       48	2018-08-17 08:47:49	1	0	1	0
       55	2018-08-17 08:49:19	1	0	1	0
       43	2018-08-17 08:49:25	1	0	1	0
       89	2018-08-17 09:03:29	1	0	1	0
      171	2018-08-17 09:12:05	1	0	1	0
      103	2018-08-17 09:12:29	1	0	1	0
      108	2018-08-17 09:13:12	1	0	1	0
      104	2018-08-17 09:14:22	1	0	1	0
      104	2018-08-17 09:14:27	1	0	1	0
      116	2018-08-17 09:25:55	1	0	1	0
      120	2018-08-17 09:39:14	1	0	1	0
      118	2018-08-17 09:39:29	1	0	1	0
      118	2018-08-17 09:39:31	1	0	1	0
       74	2018-08-17 09:41:09	1	0	1	0
       88	2018-08-17 09:46:41	1	0	1	0
      151	2018-08-17 10:08:00	1	0	1	0
      140	2018-08-17 12:28:41	1	0	1	0
      137	2018-08-17 12:30:26	1	0	1	0
      183	2018-08-17 12:49:38	1	0	1	0
      115	2018-08-17 18:30:16	1	1	1	0
      137	2018-08-17 18:30:24	1	1	1	0
      155	2018-08-17 18:30:31	1	1	1	0
      140	2018-08-17 18:30:47	1	1	1	0
      156	2018-08-17 18:31:11	1	1	1	0
      153	2018-08-17 18:31:32	1	1	1	0
      125	2018-08-17 18:31:46	1	1	1	0
       89	2018-08-17 18:31:51	1	1	1	0
       89	2018-08-17 18:31:53	1	1	1	0
      141	2018-08-17 18:32:07	1	1	1	0
      131	2018-08-17 18:32:14	1	1	1	0
      104	2018-08-17 18:32:17	1	1	1	0
       96	2018-08-17 18:32:21	1	1	1	0
      136	2018-08-17 18:32:25	1	1	1	0
      152	2018-08-17 18:33:15	1	1	1	0
      184	2018-08-17 18:33:55	1	1	1	0
      125	2018-08-17 18:34:04	1	1	1	0
      132	2018-08-17 18:34:26	1	1	1	0
       85	2018-08-17 18:34:31	1	1	1	0
      165	2018-08-17 18:35:02	1	1	1	0
       97	2018-08-17 18:35:06	1	1	1	0
       97	2018-08-17 18:35:07	1	1	1	0
       97	2018-08-17 18:35:10	1	1	1	0
      163	2018-08-17 18:35:17	1	1	1	0
      103	2018-08-17 18:35:28	1	1	1	0
      128	2018-08-17 18:35:38	1	1	1	0
      116	2018-08-17 18:35:48	1	1	1	0
       88	2018-08-17 18:35:54	1	1	1	0
       43	2018-08-17 18:36:32	1	1	1	0
      123	2018-08-17 18:38:29	1	1	1	0
       78	2018-08-17 18:38:48	1	1	1	0
       92	2018-08-17 18:38:51	1	1	1	0
      111	2018-08-17 18:38:55	1	1	1	0
       48	2018-08-17 18:39:10	1	1	1	0
       69	2018-08-17 18:39:46	1	1	1	0
      118	2018-08-17 18:43:00	1	1	1	0
      118	2018-08-17 18:43:02	1	1	1	0
      118	2018-08-17 18:44:01	1	0	1	0
      118	2018-08-17 18:44:06	1	1	1	0
      118	2018-08-17 18:44:08	1	1	1	0
      151	2018-08-17 18:44:28	1	1	1	0
      183	2018-08-17 18:54:18	1	1	1	0
      120	2018-08-17 18:56:05	1	1	1	0
        4	2018-08-17 19:00:22	1	1	1	0
       55	2018-08-17 21:02:23	1	1	1	0
      149	2018-08-17 21:03:59	1	1	1	0
       55	2018-08-17 21:06:01	1	1	1	0
       74	2018-08-17 21:37:07	1	1	1	0
       69	2018-08-18 09:13:45	1	0	1	0
       92	2018-08-18 09:14:04	1	0	1	0
      141	2018-08-18 09:56:24	1	0	1	0
      115	2018-08-18 09:57:02	1	0	1	0
      111	2018-08-18 12:37:54	1	0	1	0
      141	2018-08-18 15:31:10	1	1	1	0
       92	2018-08-18 17:00:16	1	1	1	0
      111	2018-08-18 17:00:59	1	1	1	0
      115	2018-08-18 17:02:11	1	1	1	0
       69	2018-08-18 17:03:51	1	1	1	0
      153	2018-08-20 07:10:31	1	0	1	0
      137	2018-08-20 07:11:37	1	0	1	0
      140	2018-08-20 07:12:54	1	0	1	0
       69	2018-08-20 07:16:27	1	0	1	0
      165	2018-08-20 07:44:53	1	0	1	0
      121	2018-08-20 07:46:30	1	0	1	0
      163	2018-08-20 07:56:47	1	0	1	0
      155	2018-08-20 07:56:53	1	0	1	0
       55	2018-08-20 08:01:09	1	0	1	0
      111	2018-08-20 08:02:00	1	0	1	0
      156	2018-08-20 08:06:43	1	0	1	0
       97	2018-08-20 08:08:46	1	0	1	0
      184	2018-08-20 08:09:30	1	0	1	0
      143	2018-08-20 08:14:25	1	0	1	0
      136	2018-08-20 08:15:34	1	0	1	0
      115	2018-08-20 08:16:25	1	0	1	0
      152	2018-08-20 08:18:23	1	0	1	0
      125	2018-08-20 08:19:19	1	0	1	0
        4	2018-08-20 08:21:12	1	0	1	0
       43	2018-08-20 08:24:30	1	0	1	0
       96	2018-08-20 08:26:58	1	0	1	0
       96	2018-08-20 08:27:23	1	0	1	0
       92	2018-08-20 08:30:22	1	0	1	0
      183	2018-08-20 08:31:28	1	0	1	0
      132	2018-08-20 08:32:22	1	0	1	0
      128	2018-08-20 08:33:13	1	0	1	0
       93	2018-08-20 08:34:10	1	0	1	0
       89	2018-08-20 08:36:17	1	0	1	0
       88	2018-08-20 08:39:56	1	0	1	0
      131	2018-08-20 08:52:22	1	0	1	0
       85	2018-08-20 09:01:01	1	0	1	0
      171	2018-08-20 09:05:32	1	0	1	0
      171	2018-08-20 09:05:34	1	0	1	0
      103	2018-08-20 09:09:50	1	0	1	0
       48	2018-08-20 09:13:01	1	0	1	0
       13	2018-08-20 09:18:16	1	0	1	0
      120	2018-08-20 09:24:35	1	0	1	0
       74	2018-08-20 09:26:44	1	0	1	0
      118	2018-08-20 09:34:26	1	0	1	0
      118	2018-08-20 09:34:28	1	0	1	0
      108	2018-08-20 09:52:25	1	0	1	0
      151	2018-08-20 10:04:50	1	0	1	0
      143	2018-08-20 18:30:26	1	1	1	0
      123	2018-08-20 18:31:44	1	1	1	0
       93	2018-08-20 18:32:28	1	1	1	0
      121	2018-08-20 18:32:33	1	1	1	0
      131	2018-08-20 18:32:38	1	1	1	0
      136	2018-08-20 18:32:53	1	1	1	0
      124	2018-08-20 18:33:03	1	1	1	0
      155	2018-08-20 18:33:12	1	1	1	0
      153	2018-08-20 18:33:26	1	1	1	0
      152	2018-08-20 18:34:03	1	1	1	0
      152	2018-08-20 18:34:05	1	1	1	0
      117	2018-08-20 18:34:23	1	1	1	0
      117	2018-08-20 18:34:28	1	1	1	0
       43	2018-08-20 18:34:38	1	1	1	0
      104	2018-08-20 18:34:44	1	1	1	0
      171	2018-08-20 18:35:01	1	1	1	0
      171	2018-08-20 18:35:02	1	1	1	0
       89	2018-08-20 18:35:13	1	1	1	0
      147	2018-08-20 18:35:18	1	1	1	0
      140	2018-08-20 18:35:23	1	1	1	0
      128	2018-08-20 18:35:34	1	1	1	0
      183	2018-08-20 18:35:41	1	1	1	0
      183	2018-08-20 18:35:45	1	1	1	0
      156	2018-08-20 18:36:00	1	1	1	0
      165	2018-08-20 18:36:50	1	0	1	0
      165	2018-08-20 18:36:56	1	1	1	0
       88	2018-08-20 18:37:10	1	1	1	0
      132	2018-08-20 18:37:14	1	1	1	0
       88	2018-08-20 18:44:18	1	1	1	0
      103	2018-08-20 18:49:32	1	1	1	0
        4	2018-08-20 18:52:25	1	1	1	0
      118	2018-08-20 18:52:36	1	1	1	0
      118	2018-08-20 18:52:37	1	1	1	0
      151	2018-08-20 18:52:43	1	1	1	0
      115	2018-08-20 18:57:00	1	1	1	0
      125	2018-08-20 18:57:14	1	1	1	0
       85	2018-08-20 18:57:18	1	1	1	0
       78	2018-08-20 18:58:11	1	1	1	0
      137	2018-08-20 18:59:22	1	0	1	0
       96	2018-08-20 19:00:13	1	1	1	0
      116	2018-08-20 19:03:23	1	1	1	0
       48	2018-08-20 19:04:03	1	1	1	0
      184	2018-08-20 19:04:19	1	1	1	0
       97	2018-08-20 19:06:00	1	1	1	0
       97	2018-08-20 19:06:02	1	1	1	0
       92	2018-08-20 19:11:14	1	1	1	0
      111	2018-08-20 19:11:19	1	1	1	0
      120	2018-08-20 19:11:24	1	1	1	0
       69	2018-08-20 19:12:48	1	1	1	0
      108	2018-08-20 19:14:10	1	1	1	0
       55	2018-08-20 19:55:09	1	1	1	0
       55	2018-08-20 20:07:11	1	1	1	0
      149	2018-08-20 20:07:26	1	1	1	0
       13	2018-08-20 20:24:44	1	1	1	0
       13	2018-08-20 20:24:46	1	1	1	0
       74	2018-08-20 20:41:53	1	1	1	0
      153	2018-08-22 07:00:09	1	0	1	0
      123	2018-08-22 07:14:14	1	0	1	0
      140	2018-08-22 07:22:07	1	0	1	0
      137	2018-08-22 07:27:33	1	0	1	0
       55	2018-08-22 07:39:55	1	0	1	0
      155	2018-08-22 07:50:29	1	0	1	0
       97	2018-08-22 08:06:15	1	0	1	0
      184	2018-08-22 08:07:12	1	0	1	0
      104	2018-08-22 08:07:28	1	0	1	0
      183	2018-08-22 08:07:58	1	0	1	0
      156	2018-08-22 08:10:05	1	0	1	0
      183	2018-08-22 08:10:09	1	0	1	0
      115	2018-08-22 08:10:19	1	0	1	0
      111	2018-08-22 08:10:51	1	0	1	0
      165	2018-08-22 08:11:11	1	0	1	0
      163	2018-08-22 08:12:45	1	0	1	0
      121	2018-08-22 08:15:25	1	0	1	0
      152	2018-08-22 08:17:14	1	0	1	0
      131	2018-08-22 08:17:22	1	0	1	0
      141	2018-08-22 08:18:00	1	0	1	0
      125	2018-08-22 08:19:27	1	0	1	0
       92	2018-08-22 08:24:23	1	0	1	0
       69	2018-08-22 08:24:25	1	0	1	0
       96	2018-08-22 08:28:19	1	0	1	0
       88	2018-08-22 08:28:29	1	0	1	0
       48	2018-08-22 08:30:52	1	0	1	0
      132	2018-08-22 08:31:46	1	0	1	0
      116	2018-08-22 08:33:46	1	0	1	0
       43	2018-08-22 08:35:03	1	0	1	0
        4	2018-08-22 08:36:19	1	0	1	0
        4	2018-08-22 08:36:25	1	0	1	0
      128	2018-08-22 08:42:26	1	0	1	0
       85	2018-08-22 08:44:47	1	0	1	0
       89	2018-08-22 09:00:40	1	0	1	0
       13	2018-08-22 09:01:47	1	0	1	0
      171	2018-08-22 09:06:32	1	0	1	0
      171	2018-08-22 09:06:34	1	0	1	0
      120	2018-08-22 09:06:53	1	0	1	0
      108	2018-08-22 09:22:05	1	0	1	0
      103	2018-08-22 09:25:25	1	0	1	0
       74	2018-08-22 09:33:26	1	0	1	0
      118	2018-08-22 09:41:30	1	0	1	0
      151	2018-08-22 10:13:35	1	0	1	0
      137	2018-08-22 18:31:11	1	1	1	0
      104	2018-08-22 18:32:31	1	1	1	0
      141	2018-08-22 18:32:39	1	1	1	0
      117	2018-08-22 18:32:51	1	1	1	0
       89	2018-08-22 18:32:57	1	1	1	0
      156	2018-08-22 18:33:02	1	1	1	0
      115	2018-08-22 18:33:32	1	1	1	0
      140	2018-08-22 18:33:36	1	1	1	0
       88	2018-08-22 18:33:40	1	1	1	0
      131	2018-08-22 18:34:07	1	1	1	0
      132	2018-08-22 18:34:24	1	1	1	0
       96	2018-08-22 18:34:41	1	1	1	0
      155	2018-08-22 18:34:46	1	1	1	0
      108	2018-08-22 18:34:52	1	1	1	0
      121	2018-08-22 18:34:58	1	1	1	0
      153	2018-08-22 18:35:02	1	1	1	0
      183	2018-08-22 18:35:07	1	1	1	0
      123	2018-08-22 18:35:13	1	1	1	0
      171	2018-08-22 18:35:46	1	1	1	0
      152	2018-08-22 18:35:53	1	1	1	0
      125	2018-08-22 18:37:06	1	1	1	0
      184	2018-08-22 18:37:12	1	1	1	0
      103	2018-08-22 18:38:10	1	1	1	0
      163	2018-08-22 18:38:15	1	1	1	0
      183	2018-08-22 18:38:27	1	1	1	0
      165	2018-08-22 18:39:13	1	0	1	0
       43	2018-08-22 18:40:53	1	1	1	0
      118	2018-08-22 18:41:40	1	1	1	0
      118	2018-08-22 18:41:42	1	1	1	0
      151	2018-08-22 18:41:59	1	1	1	0
       97	2018-08-22 18:44:17	1	1	1	0
       97	2018-08-22 18:44:19	1	1	1	0
       48	2018-08-22 18:46:46	1	1	1	0
      120	2018-08-22 18:47:39	1	0	1	0
       85	2018-08-22 18:48:03	1	1	1	0
      116	2018-08-22 18:48:18	1	1	1	0
       78	2018-08-22 19:13:13	1	1	1	0
       55	2018-08-22 19:26:34	1	1	1	0
      149	2018-08-22 19:27:17	1	1	1	0
       55	2018-08-22 19:27:49	1	1	1	0
       69	2018-08-22 20:29:55	1	1	1	0
       92	2018-08-22 20:30:02	1	1	1	0
      111	2018-08-22 20:30:05	1	1	1	0
       13	2018-08-22 20:33:18	1	1	1	0
       13	2018-08-22 20:33:22	1	1	1	0
        4	2018-08-22 20:35:48	1	1	1	0
      153	2018-08-23 06:54:12	1	0	1	0
      123	2018-08-23 06:57:05	1	0	1	0
      137	2018-08-23 07:11:27	1	0	1	0
      140	2018-08-23 07:12:30	1	0	1	0
       85	2018-08-23 07:54:55	1	0	1	0
       13	2018-08-23 07:58:49	1	0	1	0
       13	2018-08-23 07:58:51	1	0	1	0
       85	2018-08-23 08:02:44	1	0	1	0
       97	2018-08-23 08:11:38	1	0	1	0
       97	2018-08-23 08:11:40	1	0	1	0
      156	2018-08-23 08:11:46	1	0	1	0
      156	2018-08-23 08:11:47	1	0	1	0
      155	2018-08-23 08:12:06	1	0	1	0
      155	2018-08-23 08:12:08	1	0	1	0
      136	2018-08-23 08:13:43	1	0	1	0
      115	2018-08-23 08:14:01	1	0	1	0
      111	2018-08-23 08:14:28	1	0	1	0
      155	2018-08-23 08:18:04	1	0	1	0
       92	2018-08-23 08:19:54	1	0	1	0
      121	2018-08-23 08:20:03	1	0	1	0
      125	2018-08-23 08:20:21	1	0	1	0
       69	2018-08-23 08:21:43	1	0	1	0
      184	2018-08-23 08:22:18	1	0	1	0
       48	2018-08-23 08:23:55	1	0	1	0
      141	2018-08-23 08:24:21	1	0	1	0
      131	2018-08-23 08:26:58	1	0	1	0
       88	2018-08-23 08:28:46	1	0	1	0
       96	2018-08-23 08:30:31	1	0	1	0
      183	2018-08-23 08:31:21	1	0	1	0
      120	2018-08-23 08:32:53	1	0	1	0
      116	2018-08-23 08:34:39	1	0	1	0
      128	2018-08-23 08:43:06	1	0	1	0
      128	2018-08-23 08:43:08	1	0	1	0
        4	2018-08-23 08:45:17	1	0	1	0
      103	2018-08-23 08:51:43	1	0	1	0
       43	2018-08-23 09:03:49	1	0	1	0
      118	2018-08-23 09:16:32	1	0	1	0
      118	2018-08-23 09:16:34	1	0	1	0
      108	2018-08-23 09:37:36	1	0	1	0
       74	2018-08-23 09:48:56	1	0	1	0
      151	2018-08-23 09:58:56	1	0	1	0
      152	2018-08-23 10:26:40	1	0	1	0
      103	2018-08-23 17:26:42	1	1	1	0
      140	2018-08-23 18:30:11	1	1	1	0
      121	2018-08-23 18:30:17	1	1	1	0
       43	2018-08-23 18:30:27	1	1	1	0
      137	2018-08-23 18:30:32	1	1	1	0
      156	2018-08-23 18:30:39	1	1	1	0
      115	2018-08-23 18:30:51	1	1	1	0
      153	2018-08-23 18:30:57	1	1	1	0
      141	2018-08-23 18:31:02	1	1	1	0
       89	2018-08-23 18:31:13	1	1	1	0
      147	2018-08-23 18:31:15	1	1	1	0
      155	2018-08-23 18:31:31	1	1	1	0
      104	2018-08-23 18:31:40	1	1	1	0
      131	2018-08-23 18:31:45	1	1	1	0
      136	2018-08-23 18:31:50	1	1	1	0
      108	2018-08-23 18:32:10	1	1	1	0
      171	2018-08-23 18:32:14	1	1	1	0
      165	2018-08-23 18:32:26	1	1	1	0
      152	2018-08-23 18:32:37	1	1	1	0
       96	2018-08-23 18:33:41	1	1	1	0
       97	2018-08-23 18:33:52	1	1	1	0
      132	2018-08-23 18:34:17	1	1	1	0
      128	2018-08-23 18:34:35	1	1	1	0
      183	2018-08-23 18:35:20	1	1	1	0
       78	2018-08-23 18:35:24	1	1	1	0
      163	2018-08-23 18:36:37	1	1	1	0
      125	2018-08-23 18:36:44	1	1	1	0
      184	2018-08-23 18:36:51	1	1	1	0
       74	2018-08-23 18:38:38	1	1	1	0
      151	2018-08-23 18:44:43	1	1	1	0
      151	2018-08-23 18:44:52	1	1	1	0
      120	2018-08-23 18:44:57	1	1	1	0
      118	2018-08-23 18:45:07	1	1	1	0
      118	2018-08-23 18:45:10	1	1	1	0
       88	2018-08-23 18:46:10	1	1	1	0
       85	2018-08-23 18:46:15	1	1	1	0
       48	2018-08-23 18:51:08	1	1	1	0
       88	2018-08-23 18:51:41	1	1	1	0
      149	2018-08-23 18:51:48	1	1	1	0
      116	2018-08-23 19:02:43	1	1	1	0
       55	2018-08-23 19:04:06	1	1	1	0
      123	2018-08-23 19:14:27	1	1	1	0
       13	2018-08-23 22:04:04	1	1	1	0
       92	2018-08-23 22:09:35	1	1	1	0
       69	2018-08-23 22:10:02	1	1	1	0
       69	2018-08-23 22:10:35	1	0	1	0
      111	2018-08-23 22:15:51	1	1	1	0
        4	2018-08-23 22:19:32	1	1	1	0
      153	2018-08-24 07:10:14	1	0	1	0
      137	2018-08-24 07:20:33	1	0	1	0
      140	2018-08-24 07:24:53	1	0	1	0
      163	2018-08-24 07:40:11	1	0	1	0
      165	2018-08-24 07:48:21	1	0	1	0
      136	2018-08-24 08:02:14	1	0	1	0
      152	2018-08-24 08:15:34	1	0	1	0
      152	2018-08-24 08:15:35	1	0	1	0
       69	2018-08-24 08:17:44	1	0	1	0
      156	2018-08-24 08:17:59	1	0	1	0
      141	2018-08-24 08:18:34	1	0	1	0
      115	2018-08-24 08:18:47	1	0	1	0
      184	2018-08-24 08:20:32	1	0	1	0
      120	2018-08-24 08:20:57	1	0	1	0
      125	2018-08-24 08:23:53	1	0	1	0
       92	2018-08-24 08:26:10	1	0	1	0
       97	2018-08-24 08:26:57	1	0	1	0
      111	2018-08-24 08:27:48	1	0	1	0
      128	2018-08-24 08:30:25	1	0	1	0
       96	2018-08-24 08:30:53	1	0	1	0
      171	2018-08-24 08:38:07	1	0	1	0
      121	2018-08-24 08:38:33	1	0	1	0
      131	2018-08-24 08:39:21	1	0	1	0
      116	2018-08-24 08:42:48	1	0	1	0
        4	2018-08-24 08:43:47	1	0	1	0
      104	2018-08-24 08:49:14	1	0	1	0
      155	2018-08-24 08:54:36	1	0	1	0
      108	2018-08-24 09:03:16	1	0	1	0
       89	2018-08-24 09:03:50	1	0	1	0
       13	2018-08-24 09:04:47	1	0	1	0
       13	2018-08-24 09:04:49	1	0	1	0
       74	2018-08-24 09:21:11	1	0	1	0
       88	2018-08-24 09:27:27	1	0	1	0
      151	2018-08-24 09:58:35	1	0	1	0
      103	2018-08-24 10:00:01	1	0	1	0
      183	2018-08-24 13:19:05	1	0	1	0
       92	2018-08-24 16:02:35	1	1	1	0
      131	2018-08-24 18:30:08	1	1	1	0
      136	2018-08-24 18:30:14	1	1	1	0
      137	2018-08-24 18:30:48	1	1	1	0
      121	2018-08-24 18:31:24	1	1	1	0
      140	2018-08-24 18:32:00	1	1	1	0
      141	2018-08-24 18:32:05	1	1	1	0
       97	2018-08-24 18:32:10	1	1	1	0
      156	2018-08-24 18:32:15	1	1	1	0
      111	2018-08-24 18:32:21	1	1	1	0
      147	2018-08-24 18:32:25	1	1	1	0
      104	2018-08-24 18:32:30	1	1	1	0
      155	2018-08-24 18:32:35	1	1	1	0
      125	2018-08-24 18:32:40	1	1	1	0
       69	2018-08-24 18:32:43	1	1	1	0
      120	2018-08-24 18:32:52	1	1	1	0
       96	2018-08-24 18:33:01	1	1	1	0
      153	2018-08-24 18:33:06	1	1	1	0
       43	2018-08-24 18:33:12	1	1	1	0
      184	2018-08-24 18:33:17	1	1	1	0
      116	2018-08-24 18:33:54	1	1	1	0
      163	2018-08-24 18:34:17	1	1	1	0
      152	2018-08-24 18:34:22	1	1	1	0
       89	2018-08-24 18:34:25	1	1	1	0
      171	2018-08-24 18:34:36	1	1	1	0
      171	2018-08-24 18:34:37	1	1	1	0
      165	2018-08-24 18:34:50	1	1	1	0
      115	2018-08-24 18:35:09	1	0	1	0
      115	2018-08-24 18:35:17	1	1	1	0
      108	2018-08-24 18:36:27	1	1	1	0
       88	2018-08-24 18:36:35	1	1	1	0
      103	2018-08-24 18:37:58	1	1	1	0
      128	2018-08-24 18:40:38	1	1	1	0
      151	2018-08-24 18:40:49	1	1	1	0
       78	2018-08-24 18:40:56	1	1	1	0
      183	2018-08-24 18:44:20	1	1	1	0
        4	2018-08-24 18:56:47	1	1	1	0
       55	2018-08-24 19:09:33	1	1	1	0
      149	2018-08-24 19:09:41	1	1	1	0
       13	2018-08-24 19:12:29	1	1	1	0
       74	2018-08-24 19:29:59	1	1	1	0
      115	2018-08-25 09:40:26	1	0	1	0
        4	2018-08-25 09:40:30	1	0	1	0
       69	2018-08-25 10:12:44	1	0	1	0
      111	2018-08-25 12:57:28	1	0	1	0
        4	2018-08-25 16:37:28	1	1	1	0
       69	2018-08-25 16:39:37	1	1	1	0
      111	2018-08-25 16:39:44	1	1	1	0
CHECKSUM=-1207739754