SN=6333123220238
      137	2018-08-28 07:11:46	1	0	1	0
      153	2018-08-28 07:17:24	1	0	1	0
       69	2018-08-28 07:35:43	1	0	1	0
      156	2018-08-28 08:01:11	1	0	1	0
      156	2018-08-28 08:01:22	1	0	1	0
       55	2018-08-28 08:02:10	1	0	1	0
       85	2018-08-28 08:02:37	1	0	1	0
      184	2018-08-28 08:05:59	1	0	1	0
      143	2018-08-28 08:06:38	1	0	1	0
      116	2018-08-28 08:10:11	1	0	1	0
      111	2018-08-28 08:11:48	1	0	1	0
       89	2018-08-28 08:13:12	1	0	1	0
       55	2018-08-28 08:13:33	1	0	1	0
      115	2018-08-28 08:15:21	1	0	1	0
      183	2018-08-28 08:16:16	1	0	1	0
      131	2018-08-28 08:18:10	1	0	1	0
      136	2018-08-28 08:21:12	1	0	1	0
      121	2018-08-28 08:23:00	1	0	1	0
        4	2018-08-28 08:23:47	1	0	1	0
       97	2018-08-28 08:24:38	1	0	1	0
       97	2018-08-28 08:24:40	1	0	1	0
      132	2018-08-28 08:25:09	1	0	1	0
       92	2018-08-28 08:25:52	1	0	1	0
      125	2018-08-28 08:26:19	1	0	1	0
      152	2018-08-28 08:29:58	1	0	1	0
       43	2018-08-28 08:32:55	1	0	1	0
       13	2018-08-28 08:33:02	1	0	1	0
       13	2018-08-28 08:33:03	1	0	1	0
      141	2018-08-28 08:35:40	1	0	1	0
      128	2018-08-28 08:36:34	1	0	1	0
      123	2018-08-28 08:37:19	1	0	1	0
       96	2018-08-28 08:41:05	1	0	1	0
      155	2018-08-28 08:41:22	1	0	1	0
       48	2018-08-28 08:50:08	1	0	1	0
       93	2018-08-28 09:12:42	1	0	1	0
      151	2018-08-28 09:23:14	1	0	1	0
      108	2018-08-28 09:31:35	1	0	1	0
      118	2018-08-28 09:31:46	1	0	1	0
      120	2018-08-28 09:35:24	1	0	1	0
       74	2018-08-28 09:49:35	1	0	1	0
      103	2018-08-28 09:51:12	1	0	1	0
      132	2018-08-28 14:06:28	1	1	1	0
       92	2018-08-28 15:17:24	1	1	1	0
      140	2018-08-28 18:30:02	1	1	1	0
      104	2018-08-28 18:30:11	1	1	1	0
      143	2018-08-28 18:30:17	1	1	1	0
      121	2018-08-28 18:30:22	1	1	1	0
      137	2018-08-28 18:31:22	1	1	1	0
      153	2018-08-28 18:31:32	1	1	1	0
       88	2018-08-28 18:32:16	1	1	1	0
       89	2018-08-28 18:32:20	1	1	1	0
      165	2018-08-28 18:32:32	1	1	1	0
      155	2018-08-28 18:32:38	1	1	1	0
      128	2018-08-28 18:32:42	1	1	1	0
      152	2018-08-28 18:32:49	1	1	1	0
       93	2018-08-28 18:32:59	1	1	1	0
      123	2018-08-28 18:33:05	1	1	1	0
       96	2018-08-28 18:33:11	1	1	1	0
      131	2018-08-28 18:33:16	1	1	1	0
      103	2018-08-28 18:33:41	1	1	1	0
      136	2018-08-28 18:34:01	1	1	1	0
      108	2018-08-28 18:34:15	1	1	1	0
       96	2018-08-28 18:34:29	1	1	1	0
      108	2018-08-28 18:34:42	1	1	1	0
      163	2018-08-28 18:35:08	1	1	1	0
      141	2018-08-28 18:35:16	1	1	1	0
      120	2018-08-28 18:35:28	1	1	1	0
      156	2018-08-28 18:36:01	1	1	1	0
      156	2018-08-28 18:36:09	1	1	1	0
      183	2018-08-28 18:36:45	1	0	1	0
      183	2018-08-28 18:36:51	1	1	1	0
       48	2018-08-28 18:37:13	1	1	1	0
      125	2018-08-28 18:37:16	1	1	1	0
      184	2018-08-28 18:37:22	1	1	1	0
      116	2018-08-28 18:38:40	1	1	1	0
      115	2018-08-28 18:41:26	1	1	1	0
       97	2018-08-28 18:42:14	1	1	1	0
      118	2018-08-28 18:54:08	1	1	1	0
      118	2018-08-28 18:54:10	1	1	1	0
      151	2018-08-28 18:54:25	1	1	1	0
      111	2018-08-28 18:55:46	1	1	1	0
       69	2018-08-28 18:56:53	1	1	1	0
       74	2018-08-28 18:59:18	1	1	1	0
        4	2018-08-28 19:04:21	1	1	1	0
       78	2018-08-28 19:10:17	1	1	1	0
      149	2018-08-28 19:27:33	1	1	1	0
       55	2018-08-28 19:27:48	1	1	1	0
       85	2018-08-28 19:57:39	1	1	1	0
       13	2018-08-28 19:58:25	1	1	1	0
       13	2018-08-28 19:58:27	1	1	1	0
      137	2018-08-29 07:11:01	1	0	1	0
      140	2018-08-29 07:12:27	1	0	1	0
      123	2018-08-29 07:19:37	1	0	1	0
      153	2018-08-29 07:20:11	1	0	1	0
      120	2018-08-29 07:28:53	1	0	1	0
      165	2018-08-29 07:44:58	1	0	1	0
      165	2018-08-29 07:45:06	1	0	1	0
      117	2018-08-29 07:52:57	1	0	1	0
      117	2018-08-29 07:53:00	1	0	1	0
       97	2018-08-29 08:02:26	1	0	1	0
       97	2018-08-29 08:02:28	1	0	1	0
      143	2018-08-29 08:05:41	1	0	1	0
      111	2018-08-29 08:07:04	1	0	1	0
       85	2018-08-29 08:07:09	1	0	1	0
       85	2018-08-29 08:07:14	1	0	1	0
      156	2018-08-29 08:11:55	1	0	1	0
       69	2018-08-29 08:12:32	1	0	1	0
      163	2018-08-29 08:13:52	1	0	1	0
      184	2018-08-29 08:15:15	1	0	1	0
      155	2018-08-29 08:15:31	1	0	1	0
      152	2018-08-29 08:17:47	1	0	1	0
      131	2018-08-29 08:18:11	1	0	1	0
      115	2018-08-29 08:19:22	1	0	1	0
      141	2018-08-29 08:23:08	1	0	1	0
      125	2018-08-29 08:23:13	1	0	1	0
      116	2018-08-29 08:26:14	1	0	1	0
      128	2018-08-29 08:26:18	1	0	1	0
      136	2018-08-29 08:27:28	1	0	1	0
      104	2018-08-29 08:27:54	1	0	1	0
       96	2018-08-29 08:29:13	1	0	1	0
      121	2018-08-29 08:30:26	1	0	1	0
       55	2018-08-29 08:32:31	1	0	1	0
       89	2018-08-29 08:35:26	1	0	1	0
       13	2018-08-29 08:44:42	1	0	1	0
       43	2018-08-29 08:54:52	1	0	1	0
       48	2018-08-29 08:55:28	1	0	1	0
      103	2018-08-29 08:58:21	1	0	1	0
        4	2018-08-29 08:58:56	1	0	1	0
      171	2018-08-29 09:12:03	1	0	1	0
      171	2018-08-29 09:12:05	1	0	1	0
      108	2018-08-29 09:24:00	1	0	1	0
      118	2018-08-29 09:43:51	1	0	1	0
       88	2018-08-29 09:52:16	1	0	1	0
       74	2018-08-29 09:55:55	1	0	1	0
      151	2018-08-29 10:03:17	1	0	1	0
       92	2018-08-29 12:11:35	1	0	1	0
      183	2018-08-29 13:32:28	1	0	1	0
      143	2018-08-29 18:30:06	1	1	1	0
      121	2018-08-29 18:32:39	1	1	1	0
      128	2018-08-29 18:32:48	1	1	1	0
      120	2018-08-29 18:32:53	1	1	1	0
      156	2018-08-29 18:32:58	1	1	1	0
      155	2018-08-29 18:33:08	1	1	1	0
      137	2018-08-29 18:33:13	1	1	1	0
      140	2018-08-29 18:33:18	1	1	1	0
       96	2018-08-29 18:33:23	1	1	1	0
      141	2018-08-29 18:33:29	1	1	1	0
       43	2018-08-29 18:33:32	1	1	1	0
      104	2018-08-29 18:34:05	1	1	1	0
      104	2018-08-29 18:34:07	1	1	1	0
      104	2018-08-29 18:34:09	1	1	1	0
      153	2018-08-29 18:34:27	1	1	1	0
      152	2018-08-29 18:35:01	1	1	1	0
      183	2018-08-29 18:35:10	1	1	1	0
       89	2018-08-29 18:35:16	1	1	1	0
      108	2018-08-29 18:35:27	1	1	1	0
      115	2018-08-29 18:36:01	1	0	1	0
       97	2018-08-29 18:36:55	1	1	1	0
       97	2018-08-29 18:36:57	1	1	1	0
      171	2018-08-29 18:37:27	1	1	1	0
      103	2018-08-29 18:39:59	1	1	1	0
      184	2018-08-29 18:40:04	1	1	1	0
      125	2018-08-29 18:40:08	1	1	1	0
       48	2018-08-29 18:40:30	1	1	1	0
      151	2018-08-29 18:40:49	1	1	1	0
      151	2018-08-29 18:40:51	1	1	1	0
      116	2018-08-29 18:41:50	1	1	1	0
      118	2018-08-29 18:42:10	1	1	1	0
      118	2018-08-29 18:42:12	1	1	1	0
      103	2018-08-29 18:45:06	1	1	1	0
       88	2018-08-29 18:45:37	1	1	1	0
       85	2018-08-29 18:48:04	1	1	1	0
      123	2018-08-29 18:50:37	1	1	1	0
       78	2018-08-29 19:00:42	1	1	1	0
      149	2018-08-29 19:00:53	1	1	1	0
       13	2018-08-29 19:04:23	1	1	1	0
       13	2018-08-29 19:04:25	1	1	1	0
       55	2018-08-29 19:04:33	1	1	1	0
       55	2018-08-29 19:05:34	1	1	1	0
       74	2018-08-29 19:12:27	1	1	1	0
      111	2018-08-29 20:41:21	1	1	1	0
       69	2018-08-29 20:42:15	1	1	1	0
       92	2018-08-29 21:27:40	1	1	1	0
        4	2018-08-29 21:54:08	1	1	1	0
      153	2018-08-30 07:09:10	1	0	1	0
      123	2018-08-30 07:09:37	1	0	1	0
      140	2018-08-30 07:09:50	1	0	1	0
      137	2018-08-30 07:11:06	1	0	1	0
      120	2018-08-30 07:55:41	1	0	1	0
       85	2018-08-30 08:06:38	1	0	1	0
       85	2018-08-30 08:06:40	1	0	1	0
       92	2018-08-30 08:07:46	1	0	1	0
      152	2018-08-30 08:07:51	1	0	1	0
      152	2018-08-30 08:07:53	1	0	1	0
      143	2018-08-30 08:09:27	1	0	1	0
      156	2018-08-30 08:12:01	1	0	1	0
      156	2018-08-30 08:12:08	1	0	1	0
       48	2018-08-30 08:13:06	1	0	1	0
      136	2018-08-30 08:13:42	1	0	1	0
       97	2018-08-30 08:15:14	1	0	1	0
      184	2018-08-30 08:15:49	1	0	1	0
      111	2018-08-30 08:17:45	1	0	1	0
      155	2018-08-30 08:17:52	1	0	1	0
      115	2018-08-30 08:18:03	1	0	1	0
       55	2018-08-30 08:18:18	1	0	1	0
       69	2018-08-30 08:19:45	1	0	1	0
      131	2018-08-30 08:19:50	1	0	1	0
      121	2018-08-30 08:20:27	1	0	1	0
      125	2018-08-30 08:20:53	1	0	1	0
      183	2018-08-30 08:20:55	1	0	1	0
      132	2018-08-30 08:24:12	1	0	1	0
      116	2018-08-30 08:27:40	1	0	1	0
      141	2018-08-30 08:28:57	1	0	1	0
       43	2018-08-30 08:43:30	1	0	1	0
       89	2018-08-30 08:56:26	1	0	1	0
        4	2018-08-30 08:56:59	1	0	1	0
       13	2018-08-30 09:05:45	1	0	1	0
       13	2018-08-30 09:05:46	1	0	1	0
      103	2018-08-30 09:15:58	1	0	1	0
      108	2018-08-30 09:23:04	1	0	1	0
       74	2018-08-30 09:27:20	1	0	1	0
      118	2018-08-30 09:31:47	1	0	1	0
       96	2018-08-30 13:12:37	1	0	1	0
      143	2018-08-30 18:30:19	1	1	1	0
      104	2018-08-30 18:30:25	1	1	1	0
      153	2018-08-30 18:30:39	1	1	1	0
      137	2018-08-30 18:30:46	1	1	1	0
      117	2018-08-30 18:31:50	1	1	1	0
      137	2018-08-30 18:31:55	1	1	1	0
      155	2018-08-30 18:32:01	1	1	1	0
      156	2018-08-30 18:32:11	1	1	1	0
       89	2018-08-30 18:32:50	1	1	1	0
      141	2018-08-30 18:34:12	1	1	1	0
      108	2018-08-30 18:35:02	1	1	1	0
       43	2018-08-30 18:36:10	1	1	1	0
      152	2018-08-30 18:36:31	1	1	1	0
       93	2018-08-30 18:38:01	1	1	1	0
      121	2018-08-30 18:41:29	1	1	1	0
      183	2018-08-30 18:41:35	1	1	1	0
      103	2018-08-30 18:42:17	1	1	1	0
      140	2018-08-30 18:42:57	1	1	1	0
      115	2018-08-30 18:46:42	1	1	1	0
      120	2018-08-30 18:48:52	1	1	1	0
       85	2018-08-30 18:49:03	1	1	1	0
      131	2018-08-30 18:50:24	1	1	1	0
      132	2018-08-30 18:52:19	1	1	1	0
       88	2018-08-30 18:52:53	1	1	1	0
      128	2018-08-30 18:53:27	1	1	1	0
      128	2018-08-30 18:53:40	1	1	1	0
      124	2018-08-30 18:54:54	1	1	1	0
       97	2018-08-30 18:56:57	1	1	1	0
      116	2018-08-30 18:57:01	1	1	1	0
       96	2018-08-30 18:57:08	1	1	1	0
      136	2018-08-30 18:58:56	1	0	1	0
      125	2018-08-30 19:04:27	1	1	1	0
      184	2018-08-30 19:04:32	1	1	1	0
       74	2018-08-30 19:15:39	1	1	1	0
       55	2018-08-30 19:18:12	1	1	1	0
       55	2018-08-30 19:19:10	1	1	1	0
      149	2018-08-30 19:19:29	1	1	1	0
       78	2018-08-30 19:19:59	1	1	1	0
       13	2018-08-30 21:45:38	1	1	1	0
       92	2018-08-30 21:46:00	1	1	1	0
       69	2018-08-30 21:52:46	1	1	1	0
      111	2018-08-30 21:52:58	1	1	1	0
        4	2018-08-30 22:07:15	1	1	1	0
      153	2018-08-31 07:14:32	1	0	1	0
      137	2018-08-31 07:17:47	1	0	1	0
       85	2018-08-31 07:53:10	1	0	1	0
      140	2018-08-31 08:03:34	1	0	1	0
      120	2018-08-31 08:05:32	1	0	1	0
       97	2018-08-31 08:06:09	1	0	1	0
       97	2018-08-31 08:06:10	1	0	1	0
       89	2018-08-31 08:08:15	1	0	1	0
      143	2018-08-31 08:09:31	1	0	1	0
      121	2018-08-31 08:10:34	1	0	1	0
       43	2018-08-31 08:13:57	1	0	1	0
      115	2018-08-31 08:14:22	1	0	1	0
       48	2018-08-31 08:15:29	1	0	1	0
      125	2018-08-31 08:15:36	1	0	1	0
       96	2018-08-31 08:16:45	1	0	1	0
      156	2018-08-31 08:17:54	1	0	1	0
      184	2018-08-31 08:18:11	1	0	1	0
       92	2018-08-31 08:20:01	1	0	1	0
       69	2018-08-31 08:21:00	1	0	1	0
      183	2018-08-31 08:22:08	1	0	1	0
       88	2018-08-31 08:22:48	1	0	1	0
      152	2018-08-31 08:23:35	1	0	1	0
      132	2018-08-31 08:27:56	1	0	1	0
      131	2018-08-31 08:28:02	1	0	1	0
      155	2018-08-31 08:33:10	1	0	1	0
      141	2018-08-31 08:34:27	1	0	1	0
      116	2018-08-31 08:36:03	1	0	1	0
      111	2018-08-31 08:37:43	1	0	1	0
        4	2018-08-31 08:46:56	1	0	1	0
       93	2018-08-31 08:55:13	1	0	1	0
       13	2018-08-31 09:12:41	1	0	1	0
      118	2018-08-31 09:19:10	1	0	1	0
      108	2018-08-31 09:36:38	1	0	1	0
      151	2018-08-31 09:40:47	1	0	1	0
      103	2018-08-31 10:07:10	1	0	1	0
      104	2018-08-31 11:18:17	1	0	1	0
       88	2018-08-31 16:41:36	1	1	1	0
      104	2018-08-31 18:30:19	1	1	1	0
      108	2018-08-31 18:30:27	1	1	1	0
      131	2018-08-31 18:30:31	1	1	1	0
      156	2018-08-31 18:30:39	1	1	1	0
      155	2018-08-31 18:30:44	1	1	1	0
      121	2018-08-31 18:31:06	1	1	1	0
       89	2018-08-31 18:31:14	1	1	1	0
      137	2018-08-31 18:31:21	1	1	1	0
      115	2018-08-31 18:31:52	1	1	1	0
      153	2018-08-31 18:32:02	1	1	1	0
      103	2018-08-31 18:32:41	1	1	1	0
      117	2018-08-31 18:33:15	1	1	1	0
      117	2018-08-31 18:33:23	1	1	1	0
       43	2018-08-31 18:34:08	1	1	1	0
      152	2018-08-31 18:34:37	1	1	1	0
      132	2018-08-31 18:36:19	1	1	1	0
       92	2018-08-31 18:38:29	1	1	1	0
      141	2018-08-31 18:38:44	1	1	1	0
       69	2018-08-31 18:39:29	1	1	1	0
      183	2018-08-31 18:40:36	1	0	1	0
      111	2018-08-31 18:41:17	1	1	1	0
       97	2018-08-31 18:41:32	1	1	1	0
       96	2018-08-31 18:41:39	1	1	1	0
      125	2018-08-31 18:42:55	1	1	1	0
       85	2018-08-31 18:43:16	1	1	1	0
      140	2018-08-31 18:46:39	1	1	1	0
      149	2018-08-31 18:49:48	1	1	1	0
      120	2018-08-31 18:54:32	1	1	1	0
      128	2018-08-31 18:54:50	1	1	1	0
      116	2018-08-31 18:59:01	1	1	1	0
      123	2018-08-31 19:02:46	1	1	1	0
       78	2018-08-31 19:08:20	1	1	1	0
       55	2018-08-31 19:19:30	1	0	1	0
       55	2018-08-31 19:19:36	1	1	1	0
       55	2018-08-31 19:19:45	1	1	1	0
       13	2018-08-31 19:26:37	1	1	1	0
       13	2018-08-31 19:26:39	1	1	1	0
       48	2018-08-31 19:52:26	1	1	1	0
      184	2018-08-31 20:06:56	1	1	1	0
        4	2018-08-31 20:09:39	1	1	1	0
      118	2018-08-31 21:02:03	1	1	1	0
      118	2018-08-31 21:02:05	1	1	1	0
       92	2018-09-01 09:45:52	1	0	1	0
      141	2018-09-01 09:54:47	1	1	1	0
      115	2018-09-01 10:16:03	1	0	1	0
       69	2018-09-01 10:24:05	1	0	1	0
       92	2018-09-01 17:01:50	1	1	1	0
       69	2018-09-01 17:02:13	1	1	1	0
      141	2018-09-01 17:02:38	1	1	1	0
      115	2018-09-01 17:03:17	1	1	1	0
      184	2018-09-03 07:12:40	1	0	1	0
      137	2018-09-03 07:12:57	1	0	1	0
      153	2018-09-03 07:15:45	1	0	1	0
      117	2018-09-03 07:49:52	1	0	1	0
      123	2018-09-03 07:56:05	1	0	1	0
       85	2018-09-03 07:59:02	1	0	1	0
      111	2018-09-03 08:10:03	1	0	1	0
       92	2018-09-03 08:11:16	1	0	1	0
      120	2018-09-03 08:11:59	1	0	1	0
      115	2018-09-03 08:12:44	1	0	1	0
      156	2018-09-03 08:15:53	1	0	1	0
       96	2018-09-03 08:17:41	1	0	1	0
       97	2018-09-03 08:21:24	1	0	1	0
       97	2018-09-03 08:21:26	1	0	1	0
      143	2018-09-03 08:21:38	1	0	1	0
      116	2018-09-03 08:25:45	1	0	1	0
      125	2018-09-03 08:26:00	1	0	1	0
      152	2018-09-03 08:29:41	1	0	1	0
        4	2018-09-03 08:33:09	1	0	1	0
      141	2018-09-03 08:35:25	1	0	1	0
       89	2018-09-03 08:35:30	1	0	1	0
      128	2018-09-03 08:38:16	1	0	1	0
      183	2018-09-03 08:40:41	1	0	1	0
       88	2018-09-03 08:44:29	1	0	1	0
       13	2018-09-03 08:45:21	1	0	1	0
       13	2018-09-03 08:45:23	1	0	1	0
       43	2018-09-03 08:46:17	1	0	1	0
       55	2018-09-03 08:49:58	1	0	1	0
      108	2018-09-03 09:39:29	1	0	1	0
      118	2018-09-03 09:45:40	1	0	1	0
      151	2018-09-03 09:51:00	1	0	1	0
      104	2018-09-03 09:56:40	1	0	1	0
      103	2018-09-03 10:14:35	1	0	1	0
       74	2018-09-03 10:19:20	1	0	1	0
      143	2018-09-03 18:30:03	1	1	1	0
      137	2018-09-03 18:30:11	1	1	1	0
      156	2018-09-03 18:30:24	1	1	1	0
      155	2018-09-03 18:30:29	1	1	1	0
       43	2018-09-03 18:30:44	1	1	1	0
      153	2018-09-03 18:31:39	1	1	1	0
       89	2018-09-03 18:31:44	1	1	1	0
      123	2018-09-03 18:31:50	1	1	1	0
      124	2018-09-03 18:32:09	1	1	1	0
      131	2018-09-03 18:32:39	1	1	1	0
      136	2018-09-03 18:32:53	1	1	1	0
      108	2018-09-03 18:33:06	1	1	1	0
      128	2018-09-03 18:33:30	1	1	1	0
      183	2018-09-03 18:36:10	1	0	1	0
      152	2018-09-03 18:36:54	1	1	1	0
      132	2018-09-03 18:37:18	1	1	1	0
      140	2018-09-03 18:38:35	1	1	1	0
       92	2018-09-03 18:40:00	1	1	1	0
      141	2018-09-03 18:40:06	1	1	1	0
      111	2018-09-03 18:40:12	1	1	1	0
        4	2018-09-03 18:41:05	1	1	1	0
      115	2018-09-03 18:42:09	1	1	1	0
       88	2018-09-03 18:42:43	1	1	1	0
      103	2018-09-03 18:44:54	1	1	1	0
       78	2018-09-03 18:47:05	1	1	1	0
       78	2018-09-03 18:48:03	1	1	1	0
       97	2018-09-03 18:55:39	1	1	1	0
       97	2018-09-03 18:55:41	1	1	1	0
      149	2018-09-03 19:22:57	1	1	1	0
      116	2018-09-03 20:24:29	1	1	1	0
      120	2018-09-03 20:31:37	1	1	1	0
      120	2018-09-03 20:31:39	1	1	1	0
       96	2018-09-03 20:37:27	1	1	1	0
      184	2018-09-03 20:37:37	1	1	1	0
      125	2018-09-03 20:37:46	1	1	1	0
       13	2018-09-03 20:39:57	1	1	1	0
       13	2018-09-03 20:39:59	1	1	1	0
       85	2018-09-03 20:43:31	1	1	1	0
      118	2018-09-03 20:57:41	1	1	1	0
      118	2018-09-03 20:57:51	1	1	1	0
      151	2018-09-03 20:57:54	1	1	1	0
      153	2018-09-04 07:12:15	1	0	1	0
      137	2018-09-04 07:13:04	1	0	1	0
      140	2018-09-04 07:13:12	1	0	1	0
      120	2018-09-04 07:41:11	1	0	1	0
      123	2018-09-04 07:47:50	1	0	1	0
       85	2018-09-04 08:01:21	1	0	1	0
      156	2018-09-04 08:15:23	1	0	1	0
      111	2018-09-04 08:15:58	1	0	1	0
       97	2018-09-04 08:16:41	1	0	1	0
       96	2018-09-04 08:18:56	1	0	1	0
      131	2018-09-04 08:19:03	1	0	1	0
      115	2018-09-04 08:21:00	1	0	1	0
      152	2018-09-04 08:22:18	1	0	1	0
      121	2018-09-04 08:23:51	1	0	1	0
      125	2018-09-04 08:24:29	1	0	1	0
       92	2018-09-04 08:25:38	1	0	1	0
      184	2018-09-04 08:25:42	1	0	1	0
      143	2018-09-04 08:25:51	1	0	1	0
      116	2018-09-04 08:31:04	1	0	1	0
      132	2018-09-04 08:33:47	1	0	1	0
      141	2018-09-04 08:34:45	1	0	1	0
      136	2018-09-04 08:35:42	1	0	1	0
       55	2018-09-04 08:38:57	1	0	1	0
        4	2018-09-04 08:46:30	1	0	1	0
      183	2018-09-04 08:50:44	1	0	1	0
      128	2018-09-04 08:50:50	1	0	1	0
       48	2018-09-04 08:51:57	1	0	1	0
       13	2018-09-04 08:52:38	1	0	1	0
       13	2018-09-04 08:52:40	1	0	1	0
       69	2018-09-04 08:57:26	1	0	1	0
       43	2018-09-04 09:06:44	1	1	1	0
       43	2018-09-04 09:06:49	1	1	1	0
       88	2018-09-04 09:12:28	1	0	1	0
      108	2018-09-04 09:29:19	1	0	1	0
       74	2018-09-04 09:31:57	1	0	1	0
      103	2018-09-04 09:37:35	1	0	1	0
      118	2018-09-04 09:39:43	1	0	1	0
      118	2018-09-04 09:39:45	1	0	1	0
      151	2018-09-04 10:04:57	1	0	1	0
      155	2018-09-04 13:08:22	1	0	1	0
      108	2018-09-04 18:03:57	1	1	1	0
      137	2018-09-04 18:30:38	1	1	1	0
      155	2018-09-04 18:30:53	1	1	1	0
      156	2018-09-04 18:31:05	1	1	1	0
      104	2018-09-04 18:31:40	1	1	1	0
      143	2018-09-04 18:32:21	1	1	1	0
      131	2018-09-04 18:32:50	1	1	1	0
      140	2018-09-04 18:33:00	1	1	1	0
      153	2018-09-04 18:33:11	1	1	1	0
      141	2018-09-04 18:33:21	1	1	1	0
      136	2018-09-04 18:33:28	1	1	1	0
      183	2018-09-04 18:34:06	1	0	1	0
      183	2018-09-04 18:34:12	1	1	1	0
      117	2018-09-04 18:34:17	1	1	1	0
       89	2018-09-04 18:35:07	1	1	1	0
       43	2018-09-04 18:35:22	1	1	1	0
      115	2018-09-04 18:35:39	1	1	1	0
      152	2018-09-04 18:38:08	1	1	1	0
       88	2018-09-04 18:44:15	1	1	1	0
       78	2018-09-04 18:46:58	1	1	1	0
      118	2018-09-04 18:47:21	1	1	1	0
      118	2018-09-04 18:47:23	1	1	1	0
      124	2018-09-04 18:50:15	1	1	1	0
      121	2018-09-04 18:50:25	1	1	1	0
       92	2018-09-04 19:02:59	1	1	1	0
      111	2018-09-04 19:03:27	1	1	1	0
        4	2018-09-04 19:03:32	1	1	1	0
      123	2018-09-04 19:03:53	1	1	1	0
       55	2018-09-04 19:41:59	1	1	1	0
      149	2018-09-04 19:42:50	1	1	1	0
       74	2018-09-04 20:00:57	1	1	1	0
       69	2018-09-04 20:02:26	1	1	1	0
       97	2018-09-04 20:33:12	1	1	1	0
      125	2018-09-04 20:34:26	1	1	1	0
       96	2018-09-04 20:34:32	1	1	1	0
      184	2018-09-04 20:34:36	1	1	1	0
      116	2018-09-04 20:43:31	1	1	1	0
       48	2018-09-04 20:43:40	1	1	1	0
       85	2018-09-04 21:11:19	1	1	1	0
       85	2018-09-04 21:11:21	1	1	1	0
       13	2018-09-04 21:11:29	1	1	1	0
       13	2018-09-04 21:11:31	1	1	1	0
      153	2018-09-05 07:05:42	1	0	1	0
      123	2018-09-05 07:13:19	1	0	1	0
      137	2018-09-05 07:18:32	1	0	1	0
      115	2018-09-05 07:25:23	1	0	1	0
      152	2018-09-05 07:33:08	1	0	1	0
      120	2018-09-05 08:05:01	1	0	1	0
       85	2018-09-05 08:05:18	1	0	1	0
       69	2018-09-05 08:12:09	1	0	1	0
       97	2018-09-05 08:12:29	1	0	1	0
      156	2018-09-05 08:18:49	1	0	1	0
      121	2018-09-05 08:18:54	1	0	1	0
       55	2018-09-05 08:19:24	1	0	1	0
      143	2018-09-05 08:20:05	1	0	1	0
       88	2018-09-05 08:20:16	1	0	1	0
       96	2018-09-05 08:21:08	1	0	1	0
      132	2018-09-05 08:22:18	1	0	1	0
       55	2018-09-05 08:22:31	1	0	1	0
      131	2018-09-05 08:23:07	1	0	1	0
       92	2018-09-05 08:26:56	1	0	1	0
       93	2018-09-05 08:27:26	1	0	1	0
      184	2018-09-05 08:27:54	1	0	1	0
      125	2018-09-05 08:30:26	1	0	1	0
       48	2018-09-05 08:33:17	1	0	1	0
      155	2018-09-05 08:34:35	1	0	1	0
      128	2018-09-05 08:35:08	1	0	1	0
      111	2018-09-05 08:37:25	1	0	1	0
      116	2018-09-05 08:38:55	1	0	1	0
       89	2018-09-05 08:42:08	1	0	1	0
      136	2018-09-05 08:43:25	1	0	1	0
      141	2018-09-05 08:43:42	1	0	1	0
        4	2018-09-05 08:46:53	1	0	1	0
       43	2018-09-05 08:53:33	1	0	1	0
       13	2018-09-05 09:06:45	1	0	1	0
      108	2018-09-05 09:31:31	1	0	1	0
       74	2018-09-05 09:34:04	1	0	1	0
      118	2018-09-05 09:38:00	1	0	1	0
      151	2018-09-05 10:05:23	1	0	1	0
      104	2018-09-05 11:30:07	1	0	1	0
      183	2018-09-05 12:36:09	1	0	1	0
      143	2018-09-05 18:30:03	1	1	1	0
      131	2018-09-05 18:30:30	1	1	1	0
      143	2018-09-05 18:30:34	1	1	1	0
      121	2018-09-05 18:31:03	1	1	1	0
      115	2018-09-05 18:31:09	1	1	1	0
      117	2018-09-05 18:32:04	1	1	1	0
      156	2018-09-05 18:32:16	1	1	1	0
       43	2018-09-05 18:32:35	1	1	1	0
      137	2018-09-05 18:33:01	1	1	1	0
      141	2018-09-05 18:33:23	1	1	1	0
      123	2018-09-05 18:33:33	1	1	1	0
      108	2018-09-05 18:34:12	1	1	1	0
      153	2018-09-05 18:34:34	1	1	1	0
      104	2018-09-05 18:34:48	1	1	1	0
      155	2018-09-05 18:35:06	1	1	1	0
      140	2018-09-05 18:35:27	1	1	1	0
      152	2018-09-05 18:36:02	1	1	1	0
      136	2018-09-05 18:36:10	1	1	1	0
       89	2018-09-05 18:36:23	1	1	1	0
       88	2018-09-05 18:38:28	1	1	1	0
      132	2018-09-05 18:39:32	1	1	1	0
      128	2018-09-05 18:42:26	1	1	1	0
       74	2018-09-05 18:44:07	1	1	1	0
       93	2018-09-05 18:59:15	1	1	1	0
       78	2018-09-05 19:00:04	1	1	1	0
      149	2018-09-05 19:01:51	1	1	1	0
       55	2018-09-05 19:04:32	1	1	1	0
      183	2018-09-05 19:13:44	1	0	1	0
      183	2018-09-05 19:21:06	1	0	1	0
      151	2018-09-05 19:54:56	1	1	1	0
      118	2018-09-05 19:55:27	1	1	1	0
      118	2018-09-05 19:55:30	1	1	1	0
       92	2018-09-05 20:37:16	1	1	1	0
       88	2018-09-05 20:55:51	1	1	1	0
       69	2018-09-05 21:21:01	1	1	1	0
        4	2018-09-05 21:25:52	1	1	1	0
      120	2018-09-05 23:26:39	1	1	1	0
       96	2018-09-05 23:26:45	1	1	1	0
      116	2018-09-05 23:26:52	1	1	1	0
       85	2018-09-05 23:28:57	1	1	1	0
       85	2018-09-05 23:28:59	1	1	1	0
      184	2018-09-05 23:29:04	1	1	1	0
       48	2018-09-05 23:30:30	1	1	1	0
       13	2018-09-05 23:30:34	1	1	1	0
       13	2018-09-05 23:30:36	1	1	1	0
      153	2018-09-06 07:14:48	1	0	1	0
      121	2018-09-06 07:16:35	1	0	1	0
      140	2018-09-06 07:20:59	1	0	1	0
       85	2018-09-06 08:05:47	1	0	1	0
       85	2018-09-06 08:06:28	1	0	1	0
       69	2018-09-06 08:11:54	1	0	1	0
      141	2018-09-06 08:13:52	1	0	1	0
      143	2018-09-06 08:13:56	1	0	1	0
      111	2018-09-06 08:13:58	1	0	1	0
      132	2018-09-06 08:17:39	1	0	1	0
      125	2018-09-06 08:17:43	1	0	1	0
      136	2018-09-06 08:20:31	1	0	1	0
      156	2018-09-06 08:20:52	1	0	1	0
      156	2018-09-06 08:21:00	1	0	1	0
      155	2018-09-06 08:22:26	1	0	1	0
       96	2018-09-06 08:22:55	1	0	1	0
      115	2018-09-06 08:23:11	1	0	1	0
      184	2018-09-06 08:24:43	1	0	1	0
      152	2018-09-06 08:29:16	1	0	1	0
      183	2018-09-06 08:34:04	1	0	1	0
       93	2018-09-06 08:34:10	1	0	1	0
      123	2018-09-06 08:35:14	1	0	1	0
       92	2018-09-06 08:40:27	1	0	1	0
      120	2018-09-06 08:43:23	1	0	1	0
      128	2018-09-06 08:45:52	1	0	1	0
      116	2018-09-06 08:51:54	1	0	1	0
        4	2018-09-06 09:03:05	1	0	1	0
       13	2018-09-06 09:06:19	1	0	1	0
      108	2018-09-06 09:07:04	1	0	1	0
       43	2018-09-06 09:13:08	1	0	1	0
       48	2018-09-06 09:24:32	1	0	1	0
      103	2018-09-06 09:30:43	1	0	1	0
      118	2018-09-06 09:44:26	1	0	1	0
       74	2018-09-06 09:47:16	1	0	1	0
      151	2018-09-06 10:04:32	1	0	1	0
      137	2018-09-06 12:26:51	1	0	1	0
      103	2018-09-06 16:16:29	1	1	1	0
      143	2018-09-06 18:30:31	1	1	1	0
      156	2018-09-06 18:30:36	1	1	1	0
      137	2018-09-06 18:31:16	1	1	1	0
      155	2018-09-06 18:31:31	1	1	1	0
      136	2018-09-06 18:32:04	1	1	1	0
      141	2018-09-06 18:32:36	1	1	1	0
      115	2018-09-06 18:32:41	1	0	1	0
      115	2018-09-06 18:32:47	1	1	1	0
      152	2018-09-06 18:34:35	1	1	1	0
      104	2018-09-06 18:38:43	1	1	1	0
      121	2018-09-06 18:39:23	1	1	1	0
      132	2018-09-06 18:40:10	1	1	1	0
      118	2018-09-06 18:40:24	1	1	1	0
      118	2018-09-06 18:40:25	1	1	1	0
      153	2018-09-06 18:40:30	1	1	1	0
      151	2018-09-06 18:40:45	1	1	1	0
       78	2018-09-06 18:44:51	1	1	1	0
       88	2018-09-06 18:44:57	1	1	1	0
      128	2018-09-06 18:48:36	1	1	1	0
       74	2018-09-06 18:50:21	1	1	1	0
       55	2018-09-06 18:51:27	1	1	1	0
       55	2018-09-06 18:52:27	1	1	1	0
      149	2018-09-06 18:53:23	1	1	1	0
      108	2018-09-06 18:59:26	1	1	1	0
      140	2018-09-06 19:01:01	1	1	1	0
      111	2018-09-06 21:52:45	1	1	1	0
        4	2018-09-06 22:11:54	1	1	1	0
       69	2018-09-06 23:08:10	1	1	1	0
      184	2018-09-06 23:30:11	1	1	1	0
      120	2018-09-07 00:10:04	1	1	1	0
       85	2018-09-07 00:35:03	1	1	1	0
       13	2018-09-07 00:35:50	1	1	1	0
      125	2018-09-07 00:36:43	1	1	1	0
      153	2018-09-07 07:14:05	1	0	1	0
      137	2018-09-07 07:27:51	1	0	1	0
      137	2018-09-07 07:36:29	1	0	1	0
       69	2018-09-07 07:52:36	1	0	1	0
       97	2018-09-07 08:03:32	1	0	1	0
      140	2018-09-07 08:03:58	1	0	1	0
      117	2018-09-07 08:04:41	1	0	1	0
      131	2018-09-07 08:07:02	1	0	1	0
      121	2018-09-07 08:14:41	1	0	1	0
      115	2018-09-07 08:14:51	1	0	1	0
       85	2018-09-07 08:16:46	1	0	1	0
       89	2018-09-07 08:21:01	1	0	1	0
       89	2018-09-07 08:21:02	1	0	1	0
      132	2018-09-07 08:23:20	1	0	1	0
      111	2018-09-07 08:23:39	1	0	1	0
      143	2018-09-07 08:25:43	1	0	1	0
      156	2018-09-07 08:26:14	1	0	1	0
      128	2018-09-07 08:26:32	1	0	1	0
      141	2018-09-07 08:27:22	1	0	1	0
       96	2018-09-07 08:27:26	1	0	1	0
       92	2018-09-07 08:28:47	1	0	1	0
      125	2018-09-07 08:30:32	1	0	1	0
      184	2018-09-07 08:36:42	1	0	1	0
      183	2018-09-07 08:42:48	1	0	1	0
      116	2018-09-07 08:44:18	1	0	1	0
      152	2018-09-07 08:45:00	1	0	1	0
      120	2018-09-07 08:48:47	1	0	1	0
       55	2018-09-07 08:50:27	1	0	1	0
      155	2018-09-07 08:55:52	1	0	1	0
        4	2018-09-07 08:56:59	1	0	1	0
       48	2018-09-07 09:02:51	1	0	1	0
       13	2018-09-07 09:06:35	1	0	1	0
       43	2018-09-07 09:19:43	1	0	1	0
      108	2018-09-07 09:25:10	1	0	1	0
       74	2018-09-07 09:47:43	1	0	1	0
      151	2018-09-07 10:18:50	1	0	1	0
      118	2018-09-07 12:46:12	1	0	1	0
      118	2018-09-07 12:46:14	1	0	1	0
      104	2018-09-07 18:30:54	1	1	1	0
      143	2018-09-07 18:31:12	1	1	1	0
      121	2018-09-07 18:31:56	1	1	1	0
      156	2018-09-07 18:32:44	1	1	1	0
       89	2018-09-07 18:33:03	1	1	1	0
      155	2018-09-07 18:33:21	1	0	1	0
      153	2018-09-07 18:33:31	1	1	1	0
      152	2018-09-07 18:33:46	1	1	1	0
       43	2018-09-07 18:34:27	1	1	1	0
      108	2018-09-07 18:34:37	1	1	1	0
      131	2018-09-07 18:34:50	1	1	1	0
      136	2018-09-07 18:35:05	1	1	1	0
      140	2018-09-07 18:36:52	1	1	1	0
      141	2018-09-07 18:38:58	1	1	1	0
      132	2018-09-07 18:39:25	1	1	1	0
      137	2018-09-07 18:40:32	1	1	1	0
      115	2018-09-07 18:41:12	1	1	1	0
      118	2018-09-07 18:45:46	1	1	1	0
      118	2018-09-07 18:45:47	1	1	1	0
      151	2018-09-07 18:45:57	1	1	1	0
      123	2018-09-07 18:46:03	1	1	1	0
      118	2018-09-07 18:46:15	1	1	1	0
      118	2018-09-07 18:46:16	1	1	1	0
      120	2018-09-07 18:52:39	1	1	1	0
      116	2018-09-07 18:57:56	1	1	1	0
        4	2018-09-07 18:59:29	1	1	1	0
      184	2018-09-07 18:59:34	1	1	1	0
      125	2018-09-07 18:59:36	1	1	1	0
       97	2018-09-07 18:59:39	1	1	1	0
       48	2018-09-07 18:59:54	1	1	1	0
       96	2018-09-07 19:04:13	1	1	1	0
      111	2018-09-07 19:05:37	1	1	1	0
       92	2018-09-07 19:05:41	1	1	1	0
       69	2018-09-07 19:06:09	1	1	1	0
      149	2018-09-07 19:39:44	1	1	1	0
       55	2018-09-07 19:39:59	1	1	1	0
       55	2018-09-07 19:44:03	1	1	1	0
       13	2018-09-07 20:14:51	1	1	1	0
       13	2018-09-07 20:14:52	1	1	1	0
      123	2018-09-08 07:30:50	1	0	1	0
       96	2018-09-08 08:08:55	1	0	1	0
      184	2018-09-08 08:11:10	1	0	1	0
       85	2018-09-08 08:19:02	1	0	1	0
      125	2018-09-08 08:25:00	1	0	1	0
       48	2018-09-08 08:28:15	1	0	1	0
      120	2018-09-08 09:17:15	1	0	1	0
      116	2018-09-08 09:17:18	1	0	1	0
       69	2018-09-08 09:45:03	1	0	1	0
      141	2018-09-08 09:45:58	1	0	1	0
        4	2018-09-08 09:59:17	1	0	1	0
       92	2018-09-08 10:00:10	1	0	1	0
      111	2018-09-08 11:55:11	1	0	1	0
      141	2018-09-08 15:55:51	1	1	1	0
       69	2018-09-08 15:56:01	1	1	1	0
       92	2018-09-08 15:58:58	1	1	1	0
      123	2018-09-08 17:16:05	1	1	1	0
      120	2018-09-08 17:28:28	1	1	1	0
      116	2018-09-08 17:29:09	1	1	1	0
      125	2018-09-08 17:30:06	1	1	1	0
       96	2018-09-08 17:30:07	1	1	1	0
       85	2018-09-08 17:30:09	1	1	1	0
       85	2018-09-08 17:30:12	1	1	1	0
      184	2018-09-08 17:30:16	1	1	1	0
       48	2018-09-08 17:30:21	1	1	1	0
      153	2018-09-10 07:11:18	1	0	1	0
      123	2018-09-10 07:13:50	1	0	1	0
      140	2018-09-10 07:14:23	1	0	1	0
       69	2018-09-10 07:25:23	1	0	1	0
      104	2018-09-10 07:53:03	1	0	1	0
      117	2018-09-10 07:56:47	1	0	1	0
       85	2018-09-10 08:00:40	1	0	1	0
       85	2018-09-10 08:01:48	1	0	1	0
      141	2018-09-10 08:02:11	1	0	1	0
      155	2018-09-10 08:05:19	1	0	1	0
      152	2018-09-10 08:10:58	1	0	1	0
       48	2018-09-10 08:11:06	1	0	1	0
      111	2018-09-10 08:13:08	1	0	1	0
       89	2018-09-10 08:15:30	1	0	1	0
      125	2018-09-10 08:16:37	1	0	1	0
      183	2018-09-10 08:17:14	1	0	1	0
      116	2018-09-10 08:17:26	1	0	1	0
      115	2018-09-10 08:17:58	1	0	1	0
       97	2018-09-10 08:18:12	1	0	1	0
      156	2018-09-10 08:19:30	1	0	1	0
      184	2018-09-10 08:19:43	1	0	1	0
        4	2018-09-10 08:26:12	1	0	1	0
      132	2018-09-10 08:26:33	1	0	1	0
      128	2018-09-10 08:28:02	1	0	1	0
       92	2018-09-10 08:29:40	1	0	1	0
      136	2018-09-10 08:30:41	1	0	1	0
      131	2018-09-10 08:32:40	1	0	1	0
      143	2018-09-10 08:35:25	1	0	1	0
      120	2018-09-10 08:39:41	1	0	1	0
       43	2018-09-10 08:43:02	1	0	1	0
       13	2018-09-10 08:57:36	1	0	1	0
       13	2018-09-10 08:57:38	1	0	1	0
       88	2018-09-10 08:59:44	1	0	1	0
       93	2018-09-10 09:05:22	1	0	1	0
      118	2018-09-10 09:16:05	1	0	1	0
      118	2018-09-10 09:16:07	1	0	1	0
       74	2018-09-10 09:54:15	1	0	1	0
      151	2018-09-10 10:15:40	1	0	1	0
      108	2018-09-10 11:13:54	1	0	1	0
      137	2018-09-10 12:18:00	1	0	1	0
      137	2018-09-10 18:30:06	1	1	1	0
      155	2018-09-10 18:30:19	1	1	1	0
      156	2018-09-10 18:30:24	1	1	1	0
      153	2018-09-10 18:30:30	1	1	1	0
       92	2018-09-10 18:30:34	1	1	1	0
      140	2018-09-10 18:30:40	1	1	1	0
       89	2018-09-10 18:30:47	1	1	1	0
      143	2018-09-10 18:30:51	1	1	1	0
       43	2018-09-10 18:30:58	1	1	1	0
      108	2018-09-10 18:31:11	1	1	1	0
      104	2018-09-10 18:31:18	1	1	1	0
      141	2018-09-10 18:31:37	1	1	1	0
      152	2018-09-10 18:31:56	1	1	1	0
      115	2018-09-10 18:32:35	1	1	1	0
      111	2018-09-10 18:32:55	1	1	1	0
       78	2018-09-10 18:33:40	1	1	1	0
      131	2018-09-10 18:35:15	1	1	1	0
      149	2018-09-10 18:35:30	1	1	1	0
      183	2018-09-10 18:38:24	1	0	1	0
      128	2018-09-10 18:39:58	1	1	1	0
      183	2018-09-10 18:41:08	1	1	1	0
      118	2018-09-10 18:42:05	1	1	1	0
      118	2018-09-10 18:42:07	1	1	1	0
      151	2018-09-10 18:43:07	1	1	1	0
        4	2018-09-10 18:44:24	1	1	1	0
      136	2018-09-10 18:46:30	1	1	1	0
      123	2018-09-10 18:52:15	1	1	1	0
      132	2018-09-10 18:53:07	1	1	1	0
      120	2018-09-10 18:56:15	1	1	1	0
       48	2018-09-10 18:57:09	1	1	1	0
       85	2018-09-10 18:59:27	1	1	1	0
       97	2018-09-10 19:00:08	1	1	1	0
       74	2018-09-10 19:01:54	1	1	1	0
      116	2018-09-10 19:03:05	1	1	1	0
       13	2018-09-10 19:04:24	1	1	1	0
       69	2018-09-10 19:04:28	1	1	1	0
      125	2018-09-10 19:04:52	1	1	1	0
      184	2018-09-10 19:04:57	1	1	1	0
       88	2018-09-10 19:13:21	1	1	1	0
CHECKSUM=-2051230359