SN=6333123220238
      137	2018-09-26 07:06:23	1	0	1	0
      140	2018-09-26 07:14:45	1	0	1	0
      153	2018-09-26 07:16:05	1	0	1	0
      136	2018-09-26 08:00:23	1	0	1	0
       85	2018-09-26 08:04:16	1	0	1	0
       85	2018-09-26 08:04:56	1	0	1	0
      143	2018-09-26 08:05:14	1	0	1	0
       97	2018-09-26 08:08:32	1	0	1	0
       97	2018-09-26 08:08:35	1	0	1	0
       96	2018-09-26 08:12:46	1	0	1	0
      121	2018-09-26 08:13:09	1	0	1	0
      156	2018-09-26 08:14:09	1	0	1	0
      120	2018-09-26 08:14:17	1	0	1	0
      111	2018-09-26 08:17:18	1	0	1	0
      125	2018-09-26 08:20:25	1	0	1	0
      155	2018-09-26 08:20:54	1	0	1	0
       69	2018-09-26 08:21:24	1	0	1	0
       48	2018-09-26 08:21:58	1	0	1	0
      115	2018-09-26 08:22:45	1	0	1	0
      132	2018-09-26 08:23:18	1	0	1	0
      128	2018-09-26 08:24:43	1	0	1	0
       92	2018-09-26 08:26:47	1	0	1	0
      184	2018-09-26 08:29:53	1	0	1	0
      152	2018-09-26 08:30:06	1	0	1	0
       55	2018-09-26 08:32:51	1	0	1	0
      116	2018-09-26 08:36:46	1	0	1	0
      183	2018-09-26 08:48:20	1	0	1	0
       13	2018-09-26 08:51:33	1	0	1	0
       13	2018-09-26 08:51:35	1	0	1	0
      141	2018-09-26 08:54:16	1	0	1	0
        4	2018-09-26 08:54:23	1	0	1	0
      103	2018-09-26 08:55:04	1	0	1	0
      108	2018-09-26 09:15:50	1	0	1	0
      118	2018-09-26 09:22:21	1	0	1	0
      118	2018-09-26 09:22:22	1	0	1	0
       43	2018-09-26 09:27:11	1	0	1	0
       74	2018-09-26 09:35:28	1	0	1	0
      151	2018-09-26 09:52:14	1	0	1	0
       88	2018-09-26 10:11:24	1	0	1	0
       69	2018-09-26 18:27:52	1	1	1	0
      143	2018-09-26 18:30:02	1	1	1	0
       93	2018-09-26 18:30:09	1	1	1	0
      137	2018-09-26 18:30:14	1	1	1	0
      155	2018-09-26 18:30:18	1	1	1	0
      156	2018-09-26 18:30:23	1	1	1	0
      115	2018-09-26 18:30:28	1	1	1	0
      152	2018-09-26 18:30:48	1	1	1	0
      140	2018-09-26 18:30:59	1	1	1	0
       96	2018-09-26 18:31:29	1	1	1	0
      184	2018-09-26 18:31:51	1	1	1	0
      125	2018-09-26 18:31:58	1	1	1	0
      141	2018-09-26 18:33:36	1	1	1	0
       74	2018-09-26 18:34:49	1	1	1	0
      120	2018-09-26 18:38:49	1	1	1	0
      128	2018-09-26 18:38:56	1	1	1	0
       97	2018-09-26 18:39:31	1	1	1	0
       48	2018-09-26 18:40:41	1	1	1	0
      118	2018-09-26 18:40:50	1	1	1	0
      118	2018-09-26 18:40:52	1	1	1	0
      121	2018-09-26 18:41:16	1	1	1	0
      136	2018-09-26 18:43:25	1	1	1	0
      132	2018-09-26 18:45:25	1	1	1	0
       78	2018-09-26 18:45:31	1	1	1	0
      183	2018-09-26 18:45:59	1	1	1	0
      116	2018-09-26 19:00:02	1	1	1	0
      149	2018-09-26 19:19:37	1	1	1	0
       55	2018-09-26 19:25:12	1	1	1	0
       92	2018-09-26 20:53:15	1	1	1	0
      111	2018-09-26 20:57:59	1	1	1	0
        4	2018-09-26 21:10:22	1	1	1	0
        4	2018-09-26 21:10:27	1	1	1	0
      137	2018-09-27 07:13:37	1	0	1	0
      140	2018-09-27 07:16:13	1	0	1	0
      136	2018-09-27 08:03:04	1	0	1	0
      121	2018-09-27 08:05:45	1	0	1	0
      156	2018-09-27 08:06:26	1	0	1	0
       85	2018-09-27 08:13:32	1	0	1	0
      131	2018-09-27 08:13:41	1	0	1	0
      152	2018-09-27 08:16:35	1	0	1	0
      152	2018-09-27 08:16:37	1	0	1	0
      125	2018-09-27 08:18:23	1	0	1	0
       97	2018-09-27 08:18:26	1	0	1	0
      141	2018-09-27 08:19:02	1	0	1	0
      183	2018-09-27 08:20:16	1	0	1	0
      115	2018-09-27 08:20:24	1	0	1	0
       43	2018-09-27 08:22:20	1	0	1	0
       69	2018-09-27 08:23:13	1	0	1	0
       55	2018-09-27 08:24:20	1	0	1	0
      132	2018-09-27 08:28:26	1	0	1	0
      143	2018-09-27 08:29:27	1	0	1	0
       92	2018-09-27 08:30:45	1	0	1	0
       96	2018-09-27 08:32:28	1	0	1	0
      184	2018-09-27 08:33:40	1	0	1	0
      128	2018-09-27 08:36:25	1	0	1	0
      116	2018-09-27 08:41:18	1	0	1	0
       93	2018-09-27 08:41:25	1	0	1	0
       89	2018-09-27 08:51:28	1	0	1	0
        4	2018-09-27 08:51:38	1	0	1	0
        4	2018-09-27 08:51:53	1	0	1	0
       13	2018-09-27 08:52:40	1	0	1	0
      155	2018-09-27 08:53:48	1	0	1	0
      111	2018-09-27 08:55:43	1	0	1	0
      120	2018-09-27 09:23:56	1	0	1	0
       74	2018-09-27 09:33:03	1	0	1	0
      108	2018-09-27 09:37:48	1	0	1	0
      118	2018-09-27 09:39:32	1	0	1	0
      118	2018-09-27 09:39:34	1	0	1	0
       88	2018-09-27 10:20:40	1	0	1	0
      151	2018-09-27 10:23:05	1	0	1	0
       48	2018-09-27 13:16:44	1	0	1	0
      185	2018-09-27 14:42:52	1	0	1	0
      185	2018-09-27 14:42:58	1	1	1	0
      104	2018-09-27 17:17:46	1	1	1	0
      143	2018-09-27 18:30:08	1	1	1	0
      137	2018-09-27 18:30:18	1	1	1	0
      141	2018-09-27 18:30:22	1	1	1	0
      185	2018-09-27 18:30:32	1	1	1	0
      115	2018-09-27 18:30:37	1	1	1	0
      156	2018-09-27 18:30:42	1	1	1	0
      155	2018-09-27 18:30:53	1	1	1	0
       89	2018-09-27 18:30:59	1	1	1	0
      131	2018-09-27 18:32:09	1	1	1	0
       96	2018-09-27 18:32:25	1	1	1	0
      183	2018-09-27 18:32:40	1	1	1	0
      132	2018-09-27 18:33:19	1	1	1	0
      153	2018-09-27 18:33:28	1	1	1	0
      152	2018-09-27 18:34:21	1	1	1	0
      140	2018-09-27 18:34:37	1	1	1	0
       78	2018-09-27 18:36:26	1	1	1	0
       97	2018-09-27 18:36:49	1	1	1	0
      120	2018-09-27 18:37:29	1	1	1	0
       78	2018-09-27 18:40:15	1	1	1	0
       43	2018-09-27 18:41:35	1	1	1	0
      151	2018-09-27 18:45:51	1	1	1	0
      149	2018-09-27 18:45:55	1	1	1	0
      118	2018-09-27 18:46:07	1	1	1	0
      118	2018-09-27 18:46:09	1	1	1	0
       74	2018-09-27 18:52:47	1	1	1	0
       55	2018-09-27 19:05:38	1	1	1	0
      184	2018-09-27 19:10:14	1	1	1	0
       85	2018-09-27 19:16:33	1	1	1	0
      136	2018-09-27 19:16:37	1	1	1	0
      125	2018-09-27 19:18:27	1	0	1	0
      125	2018-09-27 19:18:32	1	1	1	0
      128	2018-09-27 19:18:45	1	1	1	0
      116	2018-09-27 19:22:14	1	1	1	0
       48	2018-09-27 21:11:51	1	1	1	0
       92	2018-09-27 21:15:55	1	1	1	0
       13	2018-09-27 21:18:30	1	1	1	0
       69	2018-09-27 21:27:40	1	1	1	0
      111	2018-09-27 21:30:36	1	1	1	0
        4	2018-09-27 21:42:21	1	1	1	0
       88	2018-09-27 21:42:25	1	1	1	0
      185	2018-09-28 07:14:03	1	0	1	0
      137	2018-09-28 07:18:15	1	0	1	0
      140	2018-09-28 07:18:48	1	0	1	0
      153	2018-09-28 07:21:40	1	0	1	0
      117	2018-09-28 07:56:14	1	0	1	0
       89	2018-09-28 07:57:53	1	0	1	0
      136	2018-09-28 08:03:30	1	0	1	0
      152	2018-09-28 08:07:11	1	0	1	0
      131	2018-09-28 08:08:33	1	0	1	0
      156	2018-09-28 08:11:20	1	0	1	0
       85	2018-09-28 08:13:15	1	0	1	0
       92	2018-09-28 08:13:19	1	0	1	0
       97	2018-09-28 08:14:54	1	0	1	0
      121	2018-09-28 08:17:24	1	0	1	0
       55	2018-09-28 08:17:28	1	0	1	0
      115	2018-09-28 08:18:15	1	0	1	0
      125	2018-09-28 08:21:26	1	0	1	0
       48	2018-09-28 08:22:28	1	0	1	0
      132	2018-09-28 08:26:29	1	0	1	0
      128	2018-09-28 08:27:11	1	0	1	0
      111	2018-09-28 08:27:17	1	0	1	0
       96	2018-09-28 08:29:16	1	0	1	0
      143	2018-09-28 08:30:00	1	0	1	0
       69	2018-09-28 08:31:17	1	0	1	0
      184	2018-09-28 08:34:31	1	0	1	0
      120	2018-09-28 08:48:35	1	0	1	0
       43	2018-09-28 08:48:56	1	0	1	0
       88	2018-09-28 08:59:35	1	0	1	0
      116	2018-09-28 09:01:16	1	0	1	0
      141	2018-09-28 09:03:44	1	0	1	0
        4	2018-09-28 09:11:13	1	0	1	0
       13	2018-09-28 09:11:20	1	0	1	0
      155	2018-09-28 09:11:23	1	0	1	0
      183	2018-09-28 09:13:31	1	0	1	0
      108	2018-09-28 09:30:48	1	0	1	0
      118	2018-09-28 10:12:46	1	0	1	0
      151	2018-09-28 10:32:50	1	0	1	0
      104	2018-09-28 12:00:49	1	0	1	0
      121	2018-09-28 18:30:05	1	1	1	0
      137	2018-09-28 18:31:07	1	1	1	0
      104	2018-09-28 18:31:14	1	1	1	0
      185	2018-09-28 18:31:23	1	1	1	0
       92	2018-09-28 18:31:29	1	1	1	0
      141	2018-09-28 18:31:36	1	1	1	0
      156	2018-09-28 18:31:41	1	1	1	0
      108	2018-09-28 18:31:50	1	1	1	0
      156	2018-09-28 18:31:57	1	1	1	0
       88	2018-09-28 18:32:16	1	1	1	0
      115	2018-09-28 18:32:23	1	1	1	0
      147	2018-09-28 18:32:24	1	1	1	0
       89	2018-09-28 18:33:03	1	0	1	0
      131	2018-09-28 18:33:12	1	1	1	0
      152	2018-09-28 18:33:21	1	1	1	0
      152	2018-09-28 18:33:35	1	1	1	0
       96	2018-09-28 18:33:39	1	1	1	0
      155	2018-09-28 18:33:44	1	1	1	0
       69	2018-09-28 18:33:48	1	1	1	0
       69	2018-09-28 18:33:54	1	1	1	0
      111	2018-09-28 18:33:57	1	1	1	0
      153	2018-09-28 18:34:02	1	1	1	0
      136	2018-09-28 18:34:08	1	1	1	0
      140	2018-09-28 18:35:47	1	1	1	0
      125	2018-09-28 18:35:49	1	1	1	0
       43	2018-09-28 18:37:17	1	1	1	0
      183	2018-09-28 18:38:22	1	0	1	0
       74	2018-09-28 18:38:42	1	1	1	0
       97	2018-09-28 18:38:58	1	1	1	0
      151	2018-09-28 18:39:05	1	1	1	0
       48	2018-09-28 18:40:13	1	1	1	0
      184	2018-09-28 18:40:18	1	1	1	0
      132	2018-09-28 18:40:26	1	1	1	0
      116	2018-09-28 18:42:21	1	1	1	0
      149	2018-09-28 18:42:29	1	1	1	0
       78	2018-09-28 18:42:35	1	1	1	0
       55	2018-09-28 18:43:34	1	1	1	0
      118	2018-09-28 18:45:36	1	1	1	0
      118	2018-09-28 18:45:38	1	1	1	0
      118	2018-09-28 18:46:13	1	1	1	0
      118	2018-09-28 18:46:14	1	1	1	0
      120	2018-09-28 18:47:14	1	1	1	0
        4	2018-09-28 19:00:01	1	1	1	0
       85	2018-09-28 20:02:56	1	1	1	0
       13	2018-09-28 20:03:03	1	1	1	0
      141	2018-09-29 09:39:37	1	0	1	0
       69	2018-09-29 09:39:43	1	0	1	0
      115	2018-09-29 09:39:49	1	0	1	0
       69	2018-09-29 17:00:59	1	1	1	0
      141	2018-09-29 17:01:26	1	1	1	0
      115	2018-09-29 17:02:40	1	1	1	0
      185	2018-10-01 07:09:44	1	0	1	0
      137	2018-10-01 07:16:30	1	0	1	0
      140	2018-10-01 07:17:43	1	0	1	0
       69	2018-10-01 07:21:16	1	0	1	0
      153	2018-10-01 07:26:54	1	0	1	0
       43	2018-10-01 07:44:18	1	0	1	0
       55	2018-10-01 08:00:32	1	0	1	0
      156	2018-10-01 08:01:42	1	0	1	0
      117	2018-10-01 08:05:38	1	0	1	0
       85	2018-10-01 08:06:02	1	0	1	0
       55	2018-10-01 08:06:08	1	0	1	0
       96	2018-10-01 08:15:39	1	0	1	0
      115	2018-10-01 08:20:22	1	0	1	0
      128	2018-10-01 08:22:33	1	0	1	0
      143	2018-10-01 08:22:38	1	0	1	0
        4	2018-10-01 08:22:42	1	0	1	0
       92	2018-10-01 08:22:49	1	0	1	0
      141	2018-10-01 08:22:56	1	0	1	0
      111	2018-10-01 08:24:15	1	0	1	0
      152	2018-10-01 08:28:05	1	0	1	0
      184	2018-10-01 08:29:20	1	0	1	0
       97	2018-10-01 08:30:49	1	0	1	0
       97	2018-10-01 08:30:52	1	0	1	0
       48	2018-10-01 08:32:07	1	0	1	0
      120	2018-10-01 08:34:21	1	0	1	0
       89	2018-10-01 08:37:55	1	0	1	0
      125	2018-10-01 08:42:43	1	0	1	0
      103	2018-10-01 08:54:53	1	0	1	0
       88	2018-10-01 08:54:58	1	0	1	0
       13	2018-10-01 09:00:21	1	0	1	0
       74	2018-10-01 09:25:33	1	0	1	0
      118	2018-10-01 09:28:05	1	0	1	0
      108	2018-10-01 09:35:38	1	0	1	0
      151	2018-10-01 10:29:16	1	0	1	0
      143	2018-10-01 18:30:03	1	1	1	0
      131	2018-10-01 18:30:08	1	1	1	0
       43	2018-10-01 18:30:10	1	1	1	0
      104	2018-10-01 18:30:16	1	1	1	0
      140	2018-10-01 18:30:23	1	1	1	0
      137	2018-10-01 18:30:25	1	1	1	0
      125	2018-10-01 18:30:29	1	1	1	0
      149	2018-10-01 18:30:32	1	1	1	0
      156	2018-10-01 18:30:37	1	1	1	0
      108	2018-10-01 18:30:47	1	1	1	0
       78	2018-10-01 18:30:51	1	1	1	0
       55	2018-10-01 18:30:55	1	1	1	0
      153	2018-10-01 18:31:00	1	1	1	0
       55	2018-10-01 18:31:09	1	1	1	0
       96	2018-10-01 18:31:14	1	1	1	0
        4	2018-10-01 18:31:21	1	1	1	0
      115	2018-10-01 18:31:28	1	1	1	0
      185	2018-10-01 18:31:54	1	1	1	0
       92	2018-10-01 18:31:59	1	1	1	0
       88	2018-10-01 18:32:15	1	1	1	0
      141	2018-10-01 18:32:22	1	1	1	0
      120	2018-10-01 18:32:26	1	1	1	0
      111	2018-10-01 18:32:35	1	1	1	0
      152	2018-10-01 18:32:41	1	1	1	0
       89	2018-10-01 18:32:46	1	1	1	0
       69	2018-10-01 18:34:04	1	1	1	0
      118	2018-10-01 18:36:10	1	1	1	0
      118	2018-10-01 18:36:12	1	1	1	0
       74	2018-10-01 18:36:52	1	1	1	0
      132	2018-10-01 18:38:16	1	1	1	0
       48	2018-10-01 18:39:49	1	1	1	0
       97	2018-10-01 18:40:04	1	1	1	0
      184	2018-10-01 18:40:39	1	1	1	0
      121	2018-10-01 18:45:16	1	1	1	0
       85	2018-10-01 19:11:12	1	1	1	0
      103	2018-10-01 19:12:09	1	1	1	0
      116	2018-10-01 20:20:28	1	1	1	0
       13	2018-10-01 20:26:40	1	1	1	0
       13	2018-10-01 20:26:42	1	1	1	0
      137	2018-10-02 07:06:00	1	0	1	0
      140	2018-10-02 07:10:48	1	0	1	0
      185	2018-10-02 07:17:07	1	0	1	0
      153	2018-10-02 07:30:19	1	0	1	0
       85	2018-10-02 08:05:59	1	0	1	0
      152	2018-10-02 08:13:50	1	0	1	0
       85	2018-10-02 08:14:34	1	0	1	0
      141	2018-10-02 08:17:42	1	0	1	0
       48	2018-10-02 08:18:10	1	0	1	0
      184	2018-10-02 08:18:32	1	0	1	0
      132	2018-10-02 08:23:26	1	0	1	0
      115	2018-10-02 08:24:19	1	0	1	0
      131	2018-10-02 08:24:58	1	0	1	0
       55	2018-10-02 08:25:49	1	0	1	0
       69	2018-10-02 08:26:00	1	0	1	0
      143	2018-10-02 08:26:26	1	0	1	0
        4	2018-10-02 08:27:27	1	0	1	0
       92	2018-10-02 08:28:17	1	0	1	0
       97	2018-10-02 08:30:43	1	0	1	0
      155	2018-10-02 08:31:30	1	0	1	0
      125	2018-10-02 08:31:36	1	0	1	0
      156	2018-10-02 08:35:28	1	0	1	0
      116	2018-10-02 08:36:23	1	0	1	0
      111	2018-10-02 08:37:59	1	0	1	0
       96	2018-10-02 08:55:40	1	0	1	0
       13	2018-10-02 09:05:15	1	0	1	0
       13	2018-10-02 09:05:17	1	0	1	0
      151	2018-10-02 09:16:16	1	0	1	0
      103	2018-10-02 09:21:32	1	0	1	0
      108	2018-10-02 09:29:55	1	0	1	0
      120	2018-10-02 09:31:15	1	0	1	0
      143	2018-10-02 18:30:03	1	1	1	0
      137	2018-10-02 18:30:08	1	1	1	0
      156	2018-10-02 18:30:29	1	1	1	0
       43	2018-10-02 18:30:55	1	1	1	0
      108	2018-10-02 18:31:07	1	1	1	0
      117	2018-10-02 18:31:13	1	1	1	0
      140	2018-10-02 18:31:20	1	1	1	0
      152	2018-10-02 18:31:34	1	1	1	0
       89	2018-10-02 18:31:40	1	1	1	0
      141	2018-10-02 18:31:46	1	1	1	0
       88	2018-10-02 18:32:03	1	1	1	0
      185	2018-10-02 18:32:13	1	1	1	0
      115	2018-10-02 18:32:20	1	1	1	0
      153	2018-10-02 18:32:38	1	1	1	0
        4	2018-10-02 18:32:46	1	1	1	0
       92	2018-10-02 18:32:49	1	1	1	0
      111	2018-10-02 18:32:56	1	1	1	0
       69	2018-10-02 18:33:03	1	1	1	0
       78	2018-10-02 18:38:24	1	1	1	0
      151	2018-10-02 18:38:29	1	1	1	0
      103	2018-10-02 18:40:24	1	1	1	0
       55	2018-10-02 18:42:39	1	1	1	0
      149	2018-10-02 18:42:44	1	1	1	0
       85	2018-10-02 19:52:49	1	0	1	0
      121	2018-10-02 19:53:23	1	1	1	0
      124	2018-10-02 19:56:00	1	1	1	0
       48	2018-10-02 20:06:03	1	1	1	0
      132	2018-10-02 20:06:08	1	1	1	0
      131	2018-10-02 20:06:11	1	1	1	0
      120	2018-10-02 20:06:58	1	1	1	0
       96	2018-10-02 20:07:03	1	1	1	0
       97	2018-10-02 20:08:26	1	1	1	0
      184	2018-10-02 20:08:58	1	1	1	0
      125	2018-10-02 20:09:02	1	1	1	0
      136	2018-10-02 20:14:41	1	1	1	0
       13	2018-10-02 20:22:27	1	1	1	0
      116	2018-10-02 20:22:31	1	1	1	0
      185	2018-10-03 07:12:01	1	0	1	0
      140	2018-10-03 07:18:09	1	0	1	0
      137	2018-10-03 07:18:17	1	0	1	0
      153	2018-10-03 07:29:39	1	0	1	0
      104	2018-10-03 07:33:48	1	0	1	0
      104	2018-10-03 07:33:50	1	0	1	0
      120	2018-10-03 07:58:07	1	0	1	0
       85	2018-10-03 08:06:25	1	0	1	0
       55	2018-10-03 08:18:03	1	0	1	0
      156	2018-10-03 08:18:22	1	0	1	0
       69	2018-10-03 08:18:49	1	0	1	0
      128	2018-10-03 08:20:48	1	0	1	0
      152	2018-10-03 08:20:54	1	0	1	0
      184	2018-10-03 08:23:31	1	0	1	0
      132	2018-10-03 08:25:06	1	0	1	0
      115	2018-10-03 08:25:44	1	0	1	0
       89	2018-10-03 08:25:51	1	0	1	0
      125	2018-10-03 08:27:20	1	0	1	0
      131	2018-10-03 08:27:25	1	0	1	0
       92	2018-10-03 08:28:26	1	0	1	0
      111	2018-10-03 08:30:37	1	0	1	0
       96	2018-10-03 08:31:55	1	0	1	0
      143	2018-10-03 08:37:54	1	0	1	0
      116	2018-10-03 08:38:34	1	0	1	0
      141	2018-10-03 08:38:41	1	0	1	0
        4	2018-10-03 09:01:49	1	0	1	0
       13	2018-10-03 09:09:30	1	0	1	0
      118	2018-10-03 09:22:30	1	0	1	0
      118	2018-10-03 09:22:32	1	0	1	0
       43	2018-10-03 09:22:50	1	0	1	0
       88	2018-10-03 09:33:52	1	0	1	0
      108	2018-10-03 09:40:49	1	0	1	0
       74	2018-10-03 09:43:10	1	0	1	0
      151	2018-10-03 09:58:44	1	0	1	0
       48	2018-10-03 11:07:34	1	0	1	0
      155	2018-10-03 12:12:47	1	0	1	0
       96	2018-10-03 12:16:04	1	1	1	0
      104	2018-10-03 14:01:34	1	1	1	0
      143	2018-10-03 18:30:04	1	1	1	0
      137	2018-10-03 18:30:14	1	1	1	0
      156	2018-10-03 18:30:26	1	1	1	0
      155	2018-10-03 18:30:38	1	1	1	0
      108	2018-10-03 18:31:11	1	1	1	0
      115	2018-10-03 18:31:16	1	1	1	0
      153	2018-10-03 18:31:21	1	1	1	0
       43	2018-10-03 18:31:26	1	1	1	0
       89	2018-10-03 18:31:32	1	1	1	0
      141	2018-10-03 18:31:51	1	1	1	0
      185	2018-10-03 18:32:03	1	1	1	0
       74	2018-10-03 18:33:14	1	1	1	0
      131	2018-10-03 18:33:49	1	1	1	0
      136	2018-10-03 18:33:59	1	1	1	0
      152	2018-10-03 18:34:22	1	1	1	0
      140	2018-10-03 18:36:50	1	1	1	0
      125	2018-10-03 18:38:33	1	1	1	0
      184	2018-10-03 18:38:38	1	1	1	0
      132	2018-10-03 18:40:04	1	1	1	0
       97	2018-10-03 18:43:01	1	1	1	0
       88	2018-10-03 18:44:34	1	1	1	0
       85	2018-10-03 18:49:50	1	1	1	0
       48	2018-10-03 18:50:26	1	1	1	0
       85	2018-10-03 18:50:29	1	1	1	0
       13	2018-10-03 18:53:51	1	1	1	0
      116	2018-10-03 18:55:14	1	1	1	0
       55	2018-10-03 18:56:51	1	1	1	0
      149	2018-10-03 18:56:54	1	1	1	0
      120	2018-10-03 18:56:56	1	1	1	0
      151	2018-10-03 18:57:00	1	1	1	0
      118	2018-10-03 18:57:27	1	1	1	0
      118	2018-10-03 18:57:28	1	1	1	0
       55	2018-10-03 18:57:55	1	1	1	0
       78	2018-10-03 19:06:23	1	1	1	0
       92	2018-10-03 20:31:46	1	1	1	0
      111	2018-10-03 20:32:02	1	1	1	0
       69	2018-10-03 20:32:09	1	1	1	0
        4	2018-10-03 20:39:23	1	1	1	0
      137	2018-10-04 07:21:33	1	0	1	0
      185	2018-10-04 07:23:06	1	0	1	0
      140	2018-10-04 07:24:45	1	0	1	0
      136	2018-10-04 08:05:44	1	0	1	0
       85	2018-10-04 08:07:56	1	0	1	0
      120	2018-10-04 08:13:14	1	0	1	0
      156	2018-10-04 08:18:15	1	0	1	0
       55	2018-10-04 08:20:14	1	0	1	0
      115	2018-10-04 08:22:01	1	0	1	0
       69	2018-10-04 08:22:12	1	0	1	0
       55	2018-10-04 08:23:25	1	0	1	0
      152	2018-10-04 08:23:50	1	0	1	0
      131	2018-10-04 08:27:17	1	0	1	0
      141	2018-10-04 08:29:08	1	0	1	0
      132	2018-10-04 08:29:22	1	0	1	0
       92	2018-10-04 08:30:13	1	0	1	0
      184	2018-10-04 08:30:17	1	0	1	0
      128	2018-10-04 08:31:07	1	0	1	0
       97	2018-10-04 08:34:54	1	0	1	0
      111	2018-10-04 08:42:00	1	0	1	0
       48	2018-10-04 08:42:19	1	0	1	0
      143	2018-10-04 08:44:13	1	0	1	0
      183	2018-10-04 08:44:49	1	0	1	0
      116	2018-10-04 08:47:36	1	0	1	0
       43	2018-10-04 08:50:21	1	0	1	0
      155	2018-10-04 08:52:28	1	0	1	0
        4	2018-10-04 08:56:28	1	0	1	0
       13	2018-10-04 09:03:00	1	0	1	0
       13	2018-10-04 09:03:01	1	0	1	0
       88	2018-10-04 09:25:25	1	0	1	0
      118	2018-10-04 09:36:30	1	0	1	0
      118	2018-10-04 09:36:32	1	0	1	0
      108	2018-10-04 09:38:51	1	0	1	0
       74	2018-10-04 09:40:26	1	0	1	0
      151	2018-10-04 10:25:58	1	0	1	0
      143	2018-10-04 18:30:06	1	1	1	0
      156	2018-10-04 18:30:11	1	1	1	0
      155	2018-10-04 18:30:17	1	1	1	0
      115	2018-10-04 18:30:23	1	1	1	0
      137	2018-10-04 18:30:53	1	0	1	0
      137	2018-10-04 18:30:59	1	1	1	0
      140	2018-10-04 18:31:13	1	1	1	0
      184	2018-10-04 18:31:20	1	1	1	0
      152	2018-10-04 18:31:36	1	1	1	0
      152	2018-10-04 18:31:38	1	1	1	0
      141	2018-10-04 18:31:43	1	1	1	0
      185	2018-10-04 18:31:55	1	1	1	0
      131	2018-10-04 18:32:44	1	1	1	0
      136	2018-10-04 18:32:50	1	1	1	0
      120	2018-10-04 18:36:30	1	1	1	0
      120	2018-10-04 18:36:31	1	1	1	0
      128	2018-10-04 18:36:35	1	1	1	0
       97	2018-10-04 18:36:40	1	1	1	0
       97	2018-10-04 18:36:44	1	1	1	0
       48	2018-10-04 18:37:31	1	1	1	0
      118	2018-10-04 18:40:13	1	1	1	0
      118	2018-10-04 18:40:15	1	1	1	0
       74	2018-10-04 18:40:20	1	1	1	0
      151	2018-10-04 18:40:26	1	1	1	0
      116	2018-10-04 18:43:21	1	1	1	0
       55	2018-10-04 18:45:38	1	1	1	0
      149	2018-10-04 18:45:45	1	1	1	0
       55	2018-10-04 18:46:31	1	1	1	0
       78	2018-10-04 18:47:32	1	1	1	0
       85	2018-10-04 18:47:44	1	1	1	0
      183	2018-10-04 18:47:52	1	1	1	0
      132	2018-10-04 18:49:41	1	1	1	0
       92	2018-10-04 21:24:14	1	1	1	0
       69	2018-10-04 21:25:10	1	1	1	0
      111	2018-10-04 21:28:16	1	1	1	0
       13	2018-10-04 21:28:56	1	1	1	0
       13	2018-10-04 21:28:58	1	1	1	0
        4	2018-10-04 21:38:39	1	1	1	0
      185	2018-10-05 07:18:45	1	0	1	0
      137	2018-10-05 07:26:08	1	0	1	0
      140	2018-10-05 07:30:40	1	0	1	0
      153	2018-10-05 07:40:51	1	0	1	0
      104	2018-10-05 08:01:11	1	0	1	0
      104	2018-10-05 08:01:13	1	0	1	0
      104	2018-10-05 08:01:16	1	0	1	0
       85	2018-10-05 08:04:40	1	0	1	0
       85	2018-10-05 08:05:00	1	0	1	0
       97	2018-10-05 08:12:36	1	0	1	0
      156	2018-10-05 08:13:17	1	0	1	0
       69	2018-10-05 08:15:46	1	0	1	0
      115	2018-10-05 08:22:09	1	0	1	0
      152	2018-10-05 08:22:19	1	0	1	0
      141	2018-10-05 08:27:50	1	0	1	0
      143	2018-10-05 08:29:44	1	0	1	0
       92	2018-10-05 08:29:47	1	0	1	0
      132	2018-10-05 08:30:37	1	0	1	0
      128	2018-10-05 08:32:11	1	0	1	0
      184	2018-10-05 08:33:38	1	0	1	0
       48	2018-10-05 08:37:41	1	0	1	0
      111	2018-10-05 08:38:02	1	0	1	0
      116	2018-10-05 08:44:12	1	0	1	0
        4	2018-10-05 08:54:19	1	0	1	0
       43	2018-10-05 08:57:58	1	0	1	0
      118	2018-10-05 09:05:17	1	0	1	0
      118	2018-10-05 09:05:18	1	0	1	0
      155	2018-10-05 09:05:47	1	0	1	0
      120	2018-10-05 09:08:05	1	0	1	0
      183	2018-10-05 09:12:26	1	0	1	0
       13	2018-10-05 09:17:03	1	0	1	0
      108	2018-10-05 09:17:47	1	0	1	0
       74	2018-10-05 09:37:05	1	0	1	0
      103	2018-10-05 09:41:21	1	0	1	0
       88	2018-10-05 09:57:12	1	0	1	0
      151	2018-10-05 10:31:14	1	0	1	0
      184	2018-10-05 14:02:05	1	1	1	0
      104	2018-10-05 18:30:09	1	1	1	0
      137	2018-10-05 18:30:15	1	1	1	0
      156	2018-10-05 18:30:21	1	1	1	0
      131	2018-10-05 18:30:25	1	1	1	0
      153	2018-10-05 18:30:30	1	1	1	0
      136	2018-10-05 18:30:37	1	1	1	0
      155	2018-10-05 18:30:42	1	1	1	0
      140	2018-10-05 18:30:47	1	1	1	0
      152	2018-10-05 18:31:39	1	1	1	0
      143	2018-10-05 18:31:43	1	1	1	0
       88	2018-10-05 18:31:47	1	1	1	0
      183	2018-10-05 18:31:52	1	1	1	0
      143	2018-10-05 18:32:23	1	0	1	0
      143	2018-10-05 18:32:29	1	1	1	0
      128	2018-10-05 18:32:43	1	1	1	0
      120	2018-10-05 18:33:00	1	1	1	0
      128	2018-10-05 18:33:06	1	1	1	0
      111	2018-10-05 18:33:15	1	1	1	0
      115	2018-10-05 18:33:20	1	1	1	0
      185	2018-10-05 18:33:27	1	1	1	0
      141	2018-10-05 18:33:32	1	1	1	0
       92	2018-10-05 18:33:45	1	1	1	0
      108	2018-10-05 18:33:57	1	1	1	0
       97	2018-10-05 18:37:03	1	1	1	0
       48	2018-10-05 18:37:38	1	1	1	0
       69	2018-10-05 18:40:38	1	1	1	0
       55	2018-10-05 18:42:47	1	1	1	0
      149	2018-10-05 18:43:40	1	1	1	0
       55	2018-10-05 18:43:45	1	1	1	0
       74	2018-10-05 18:44:01	1	1	1	0
      151	2018-10-05 18:44:15	1	1	1	0
      118	2018-10-05 18:44:45	1	1	1	0
      118	2018-10-05 18:44:46	1	1	1	0
      118	2018-10-05 18:44:48	1	1	1	0
      124	2018-10-05 18:45:01	1	1	1	0
      124	2018-10-05 18:45:05	1	1	1	0
      132	2018-10-05 18:45:18	1	1	1	0
       78	2018-10-05 18:47:18	1	1	1	0
        4	2018-10-05 19:00:25	1	1	1	0
       85	2018-10-05 20:10:19	1	1	1	0
       13	2018-10-05 20:10:24	1	1	1	0
       13	2018-10-05 20:10:25	1	1	1	0
      141	2018-10-06 09:32:47	1	0	1	0
       69	2018-10-06 09:34:24	1	0	1	0
      115	2018-10-06 09:35:43	1	0	1	0
      141	2018-10-06 13:00:49	1	0	1	0
      141	2018-10-06 13:00:54	1	1	1	0
       69	2018-10-06 16:59:52	1	1	1	0
      115	2018-10-06 17:01:27	1	1	1	0
      185	2018-10-08 07:20:05	1	0	1	0
      137	2018-10-08 07:20:19	1	0	1	0
      140	2018-10-08 07:21:31	1	0	1	0
      153	2018-10-08 07:24:09	1	0	1	0
       96	2018-10-08 08:02:04	1	0	1	0
      141	2018-10-08 08:04:32	1	0	1	0
       85	2018-10-08 08:04:58	1	0	1	0
      111	2018-10-08 08:13:45	1	0	1	0
      156	2018-10-08 08:13:57	1	0	1	0
      152	2018-10-08 08:18:11	1	0	1	0
      115	2018-10-08 08:18:40	1	0	1	0
      136	2018-10-08 08:19:27	1	0	1	0
       97	2018-10-08 08:20:40	1	0	1	0
       43	2018-10-08 08:20:44	1	0	1	0
       48	2018-10-08 08:22:37	1	0	1	0
      184	2018-10-08 08:24:20	1	0	1	0
       92	2018-10-08 08:25:30	1	0	1	0
       89	2018-10-08 08:27:19	1	0	1	0
        4	2018-10-08 08:27:59	1	0	1	0
      183	2018-10-08 08:30:54	1	0	1	0
      131	2018-10-08 08:34:50	1	0	1	0
      125	2018-10-08 08:36:31	1	0	1	0
      116	2018-10-08 08:38:48	1	0	1	0
       88	2018-10-08 08:44:24	1	0	1	0
      143	2018-10-08 08:45:37	1	0	1	0
       13	2018-10-08 09:01:45	1	0	1	0
       13	2018-10-08 09:01:46	1	0	1	0
       55	2018-10-08 09:16:48	1	0	1	0
      118	2018-10-08 09:33:40	1	0	1	0
      118	2018-10-08 09:33:41	1	0	1	0
      120	2018-10-08 09:36:10	1	0	1	0
      151	2018-10-08 09:38:20	1	0	1	0
      108	2018-10-08 09:46:30	1	0	1	0
       74	2018-10-08 12:57:58	1	0	1	0
      143	2018-10-08 18:30:38	1	1	1	0
      156	2018-10-08 18:30:49	1	1	1	0
      137	2018-10-08 18:31:09	1	1	1	0
      111	2018-10-08 18:31:23	1	1	1	0
      117	2018-10-08 18:31:46	1	1	1	0
      155	2018-10-08 18:31:53	1	1	1	0
       92	2018-10-08 18:31:56	1	1	1	0
      141	2018-10-08 18:32:02	1	1	1	0
      185	2018-10-08 18:32:28	1	1	1	0
      104	2018-10-08 18:32:36	1	1	1	0
       43	2018-10-08 18:33:14	1	1	1	0
      108	2018-10-08 18:33:23	1	1	1	0
      153	2018-10-08 18:33:36	1	1	1	0
       96	2018-10-08 18:33:58	1	1	1	0
      120	2018-10-08 18:34:01	1	1	1	0
       89	2018-10-08 18:34:07	1	1	1	0
       88	2018-10-08 18:34:17	1	1	1	0
      184	2018-10-08 18:34:41	1	1	1	0
      140	2018-10-08 18:34:53	1	1	1	0
      152	2018-10-08 18:35:43	1	1	1	0
      125	2018-10-08 18:36:12	1	1	1	0
      136	2018-10-08 18:36:37	1	1	1	0
      115	2018-10-08 18:37:46	1	0	1	0
      115	2018-10-08 18:37:52	1	1	1	0
       48	2018-10-08 18:37:59	1	1	1	0
      128	2018-10-08 18:38:32	1	0	1	0
      128	2018-10-08 18:38:38	1	1	1	0
        4	2018-10-08 18:38:48	1	1	1	0
      151	2018-10-08 18:39:20	1	1	1	0
      118	2018-10-08 18:39:35	1	1	1	0
      118	2018-10-08 18:39:37	1	1	1	0
      116	2018-10-08 18:42:09	1	1	1	0
       97	2018-10-08 18:46:14	1	1	1	0
       78	2018-10-08 18:48:15	1	1	1	0
       55	2018-10-08 18:50:06	1	1	1	0
      149	2018-10-08 18:51:39	1	1	1	0
       85	2018-10-08 19:21:22	1	1	1	0
       13	2018-10-08 19:21:28	1	1	1	0
       13	2018-10-08 19:21:30	1	1	1	0
       74	2018-10-08 19:31:48	1	1	1	0
      137	2018-10-09 07:09:33	1	0	1	0
      140	2018-10-09 07:14:52	1	0	1	0
      185	2018-10-09 07:26:46	1	0	1	0
       69	2018-10-09 07:31:22	1	0	1	0
      156	2018-10-09 08:06:32	1	0	1	0
       85	2018-10-09 08:07:41	1	0	1	0
      136	2018-10-09 08:12:25	1	0	1	0
      152	2018-10-09 08:18:37	1	0	1	0
      132	2018-10-09 08:20:14	1	0	1	0
        4	2018-10-09 08:20:35	1	0	1	0
       97	2018-10-09 08:20:38	1	0	1	0
       96	2018-10-09 08:22:04	1	0	1	0
      115	2018-10-09 08:24:55	1	0	1	0
       43	2018-10-09 08:25:35	1	0	1	0
      131	2018-10-09 08:26:12	1	0	1	0
      183	2018-10-09 08:28:27	1	0	1	0
      183	2018-10-09 08:28:33	1	0	1	0
      111	2018-10-09 08:28:54	1	0	1	0
       55	2018-10-09 08:29:24	1	0	1	0
      121	2018-10-09 08:30:03	1	0	1	0
      128	2018-10-09 08:30:06	1	0	1	0
      141	2018-10-09 08:30:10	1	0	1	0
      128	2018-10-09 08:30:17	1	0	1	0
       92	2018-10-09 08:30:55	1	0	1	0
      184	2018-10-09 08:32:44	1	0	1	0
      125	2018-10-09 08:37:26	1	0	1	0
      143	2018-10-09 08:41:45	1	0	1	0
      116	2018-10-09 08:45:52	1	0	1	0
       48	2018-10-09 08:52:44	1	0	1	0
       13	2018-10-09 08:57:34	1	0	1	0
       93	2018-10-09 09:11:43	1	0	1	0
      120	2018-10-09 09:23:05	1	0	1	0
       88	2018-10-09 09:28:57	1	0	1	0
       74	2018-10-09 09:38:15	1	0	1	0
      108	2018-10-09 09:54:38	1	0	1	0
      151	2018-10-09 09:55:46	1	0	1	0
      140	2018-10-09 18:30:48	1	1	1	0
      156	2018-10-09 18:30:58	1	1	1	0
      115	2018-10-09 18:31:03	1	1	1	0
      155	2018-10-09 18:31:08	1	1	1	0
      104	2018-10-09 18:31:14	1	1	1	0
      131	2018-10-09 18:31:19	1	1	1	0
      137	2018-10-09 18:31:24	1	1	1	0
       89	2018-10-09 18:31:32	1	1	1	0
      125	2018-10-09 18:31:41	1	1	1	0
      184	2018-10-09 18:31:47	1	1	1	0
      111	2018-10-09 18:31:52	1	1	1	0
       96	2018-10-09 18:31:59	1	1	1	0
       97	2018-10-09 18:32:04	1	1	1	0
      141	2018-10-09 18:32:18	1	1	1	0
      153	2018-10-09 18:32:26	1	1	1	0
       69	2018-10-09 18:32:36	1	1	1	0
      185	2018-10-09 18:32:43	1	1	1	0
       88	2018-10-09 18:32:48	1	1	1	0
       92	2018-10-09 18:32:52	1	1	1	0
      183	2018-10-09 18:33:01	1	1	1	0
      152	2018-10-09 18:33:26	1	1	1	0
      152	2018-10-09 18:33:28	1	1	1	0
       43	2018-10-09 18:33:45	1	1	1	0
       48	2018-10-09 18:33:55	1	1	1	0
       74	2018-10-09 18:34:51	1	1	1	0
        4	2018-10-09 18:34:59	1	1	1	0
      108	2018-10-09 18:35:07	1	1	1	0
      124	2018-10-09 18:35:12	1	1	1	0
      124	2018-10-09 18:35:14	1	1	1	0
      121	2018-10-09 18:35:22	1	1	1	0
      120	2018-10-09 18:36:29	1	1	1	0
      128	2018-10-09 18:36:37	1	1	1	0
       78	2018-10-09 18:37:22	1	1	1	0
      149	2018-10-09 18:37:27	1	1	1	0
      132	2018-10-09 18:37:40	1	1	1	0
       55	2018-10-09 18:38:06	1	1	1	0
      118	2018-10-09 18:44:18	1	1	1	0
      151	2018-10-09 18:44:46	1	1	1	0
      118	2018-10-09 18:44:55	1	1	1	0
       85	2018-10-09 18:57:49	1	0	1	0
      116	2018-10-09 18:58:59	1	1	1	0
       13	2018-10-09 19:25:19	1	1	1	0
       13	2018-10-09 19:25:20	1	1	1	0
      137	2018-10-10 07:18:20	1	0	1	0
      185	2018-10-10 07:22:21	1	0	1	0
      140	2018-10-10 07:22:34	1	0	1	0
      153	2018-10-10 07:23:41	1	0	1	0
      156	2018-10-10 08:06:42	1	0	1	0
       85	2018-10-10 08:09:39	1	0	1	0
       85	2018-10-10 08:09:55	1	0	1	0
      132	2018-10-10 08:16:17	1	0	1	0
      184	2018-10-10 08:16:53	1	0	1	0
      121	2018-10-10 08:18:13	1	0	1	0
       69	2018-10-10 08:21:13	1	0	1	0
      143	2018-10-10 08:22:49	1	0	1	0
      152	2018-10-10 08:23:23	1	0	1	0
      115	2018-10-10 08:23:41	1	0	1	0
       96	2018-10-10 08:23:44	1	0	1	0
       92	2018-10-10 08:25:31	1	0	1	0
      116	2018-10-10 08:25:39	1	0	1	0
      125	2018-10-10 08:26:26	1	0	1	0
      136	2018-10-10 08:26:47	1	0	1	0
       48	2018-10-10 08:27:15	1	0	1	0
      128	2018-10-10 08:34:32	1	0	1	0
      141	2018-10-10 08:35:30	1	0	1	0
       55	2018-10-10 08:37:45	1	0	1	0
      111	2018-10-10 08:38:19	1	0	1	0
      131	2018-10-10 08:38:37	1	0	1	0
       89	2018-10-10 08:41:57	1	0	1	0
      183	2018-10-10 08:43:40	1	0	1	0
       43	2018-10-10 08:45:19	1	0	1	0
      120	2018-10-10 08:45:52	1	0	1	0
       93	2018-10-10 08:52:10	1	0	1	0
      155	2018-10-10 08:53:59	1	0	1	0
        4	2018-10-10 09:16:35	1	0	1	0
      118	2018-10-10 09:33:51	1	0	1	0
      118	2018-10-10 09:33:53	1	0	1	0
       88	2018-10-10 09:36:44	1	0	1	0
       74	2018-10-10 09:48:05	1	0	1	0
      151	2018-10-10 10:06:37	1	0	1	0
      108	2018-10-10 13:36:45	1	0	1	0
      140	2018-10-10 18:30:15	1	1	1	0
      137	2018-10-10 18:30:21	1	1	1	0
      115	2018-10-10 18:30:27	1	1	1	0
      104	2018-10-10 18:30:38	1	1	1	0
      104	2018-10-10 18:30:40	1	1	1	0
      104	2018-10-10 18:30:42	1	1	1	0
      156	2018-10-10 18:30:47	1	1	1	0
      156	2018-10-10 18:30:49	1	1	1	0
      143	2018-10-10 18:30:53	1	1	1	0
      121	2018-10-10 18:30:58	1	1	1	0
      155	2018-10-10 18:31:09	1	1	1	0
      152	2018-10-10 18:31:52	1	1	1	0
      153	2018-10-10 18:32:07	1	1	1	0
       89	2018-10-10 18:32:23	1	1	1	0
      185	2018-10-10 18:32:38	1	1	1	0
      141	2018-10-10 18:32:50	1	1	1	0
      131	2018-10-10 18:32:55	1	1	1	0
       96	2018-10-10 18:33:00	1	1	1	0
      120	2018-10-10 18:33:53	1	1	1	0
      184	2018-10-10 18:33:58	1	1	1	0
       74	2018-10-10 18:34:40	1	1	1	0
      108	2018-10-10 18:34:52	1	1	1	0
       43	2018-10-10 18:35:23	1	1	1	0
       88	2018-10-10 18:36:06	1	1	1	0
      128	2018-10-10 18:36:12	1	1	1	0
       78	2018-10-10 18:36:19	1	1	1	0
      149	2018-10-10 18:38:48	1	1	1	0
       97	2018-10-10 18:40:29	1	1	1	0
      132	2018-10-10 18:41:15	1	1	1	0
       55	2018-10-10 18:41:18	1	1	1	0
      136	2018-10-10 18:42:01	1	1	1	0
      118	2018-10-10 18:42:17	1	1	1	0
      118	2018-10-10 18:42:18	1	1	1	0
      151	2018-10-10 18:42:29	1	1	1	0
       48	2018-10-10 18:42:37	1	1	1	0
      116	2018-10-10 18:42:50	1	1	1	0
      118	2018-10-10 18:42:51	1	1	1	0
      118	2018-10-10 18:42:53	1	1	1	0
      183	2018-10-10 18:43:21	1	1	1	0
       85	2018-10-10 18:57:38	1	1	1	0
       13	2018-10-10 20:15:21	1	1	1	0
      111	2018-10-10 20:16:33	1	1	1	0
       92	2018-10-10 20:16:38	1	1	1	0
       69	2018-10-10 20:16:57	1	1	1	0
        4	2018-10-10 20:33:41	1	1	1	0
CHECKSUM=944461085