SN=6333123220238
      137	2017-10-11 07:20:30	1	0	1	0
      140	2017-10-11 07:20:37	1	0	1	0
      140	2017-10-11 07:20:40	1	0	1	0
      123	2017-10-11 07:25:20	1	0	1	0
      117	2017-10-11 07:43:14	1	0	1	0
      117	2017-10-11 07:43:18	1	0	1	0
      143	2017-10-11 08:08:59	1	0	1	0
      101	2017-10-11 08:09:49	1	0	1	0
      107	2017-10-11 08:10:07	1	0	1	0
      107	2017-10-11 08:10:09	1	0	1	0
      107	2017-10-11 08:10:11	1	0	1	0
       97	2017-10-11 08:10:47	1	0	1	0
       92	2017-10-11 08:11:32	1	0	1	0
       55	2017-10-11 08:14:02	1	0	1	0
       69	2017-10-11 08:15:27	1	0	1	0
      141	2017-10-11 08:18:38	1	0	1	0
       96	2017-10-11 08:23:36	1	0	1	0
      128	2017-10-11 08:26:03	1	0	1	0
      111	2017-10-11 08:26:58	1	0	1	0
      150	2017-10-11 08:29:27	1	0	1	0
      116	2017-10-11 08:30:32	1	0	1	0
      125	2017-10-11 08:38:22	1	0	1	0
      144	2017-10-11 08:39:13	1	0	1	0
      110	2017-10-11 08:44:33	1	0	1	0
      108	2017-10-11 08:45:42	1	0	1	0
      103	2017-10-11 08:46:09	1	0	1	0
       13	2017-10-11 08:53:56	1	0	1	0
       13	2017-10-11 08:53:58	1	0	1	0
       48	2017-10-11 08:59:26	1	0	1	0
       43	2017-10-11 08:59:37	1	0	1	0
        4	2017-10-11 09:00:38	1	0	1	0
      120	2017-10-11 09:02:10	1	0	1	0
      122	2017-10-11 09:35:45	1	0	1	0
       74	2017-10-11 09:41:24	1	0	1	0
      114	2017-10-11 09:52:22	1	0	1	0
      118	2017-10-11 09:53:30	1	0	1	0
      151	2017-10-11 09:53:38	1	0	1	0
      145	2017-10-11 18:30:03	1	1	1	0
      145	2017-10-11 18:30:05	1	1	1	0
      131	2017-10-11 18:30:18	1	1	1	0
       93	2017-10-11 18:30:32	1	1	1	0
      125	2017-10-11 18:30:36	1	1	1	0
      144	2017-10-11 18:30:43	1	1	1	0
      133	2017-10-11 18:30:49	1	1	1	0
      133	2017-10-11 18:30:52	1	1	1	0
       96	2017-10-11 18:30:56	1	1	1	0
      103	2017-10-11 18:31:01	1	1	1	0
       43	2017-10-11 18:31:18	1	1	1	0
      150	2017-10-11 18:31:25	1	1	1	0
      136	2017-10-11 18:32:07	1	0	1	0
      136	2017-10-11 18:32:14	1	1	1	0
       97	2017-10-11 18:32:19	1	1	1	0
      132	2017-10-11 18:32:28	1	1	1	0
      134	2017-10-11 18:32:31	1	1	1	0
      129	2017-10-11 18:32:43	1	1	1	0
      129	2017-10-11 18:32:47	1	1	1	0
      137	2017-10-11 18:32:52	1	1	1	0
      108	2017-10-11 18:35:57	1	1	1	0
       88	2017-10-11 18:36:02	1	1	1	0
      141	2017-10-11 18:36:19	1	1	1	0
      143	2017-10-11 18:39:06	1	0	1	0
      143	2017-10-11 18:39:12	1	1	1	0
      101	2017-10-11 18:39:18	1	1	1	0
      142	2017-10-11 18:40:25	1	1	1	0
      107	2017-10-11 18:42:58	1	1	1	0
      107	2017-10-11 18:43:00	1	1	1	0
      107	2017-10-11 18:43:02	1	1	1	0
      110	2017-10-11 18:43:05	1	1	1	0
       48	2017-10-11 18:47:41	1	1	1	0
      120	2017-10-11 18:47:46	1	1	1	0
      116	2017-10-11 18:47:57	1	1	1	0
      140	2017-10-11 18:48:07	1	1	1	0
      140	2017-10-11 18:48:11	1	1	1	0
       48	2017-10-11 18:50:59	1	1	1	0
      118	2017-10-11 18:51:48	1	1	1	0
      118	2017-10-11 18:51:51	1	1	1	0
      151	2017-10-11 18:52:29	1	0	1	0
      151	2017-10-11 18:52:35	1	1	1	0
      118	2017-10-11 18:52:39	1	1	1	0
      123	2017-10-11 18:52:43	1	1	1	0
       88	2017-10-11 19:00:34	1	1	1	0
      127	2017-10-11 19:01:57	1	1	1	0
      104	2017-10-11 19:04:19	1	1	1	0
       78	2017-10-11 19:09:43	1	1	1	0
      149	2017-10-11 19:36:00	1	1	1	0
       55	2017-10-11 19:36:33	1	0	1	0
       55	2017-10-11 19:36:40	1	1	1	0
       55	2017-10-11 19:36:49	1	1	1	0
      114	2017-10-11 19:57:20	1	1	1	0
       74	2017-10-11 20:37:12	1	1	1	0
       13	2017-10-11 20:49:57	1	1	1	0
      111	2017-10-11 20:52:22	1	1	1	0
       69	2017-10-11 20:52:34	1	1	1	0
       92	2017-10-11 21:17:15	1	1	1	0
        4	2017-10-11 21:19:37	1	1	1	0
      122	2017-10-12 07:16:46	1	0	1	0
      137	2017-10-12 07:16:52	1	0	1	0
      140	2017-10-12 07:19:07	1	0	1	0
      140	2017-10-12 07:19:10	1	0	1	0
      117	2017-10-12 07:35:19	1	0	1	0
      117	2017-10-12 07:35:24	1	0	1	0
      144	2017-10-12 07:55:01	1	0	1	0
       97	2017-10-12 07:56:03	1	0	1	0
      107	2017-10-12 07:58:28	1	0	1	0
      107	2017-10-12 07:58:31	1	0	1	0
      107	2017-10-12 07:58:33	1	0	1	0
       92	2017-10-12 08:00:29	1	0	1	0
      143	2017-10-12 08:12:44	1	0	1	0
       69	2017-10-12 08:18:58	1	0	1	0
       13	2017-10-12 08:20:18	1	0	1	0
      145	2017-10-12 08:21:25	1	0	1	0
      145	2017-10-12 08:21:27	1	0	1	0
      150	2017-10-12 08:28:39	1	0	1	0
      128	2017-10-12 08:35:01	1	0	1	0
      141	2017-10-12 08:42:36	1	0	1	0
       66	2017-10-12 08:45:57	1	0	1	0
      111	2017-10-12 08:47:50	1	0	1	0
       55	2017-10-12 08:48:33	1	0	1	0
      125	2017-10-12 08:48:42	1	0	1	0
       48	2017-10-12 08:50:30	1	0	1	0
        4	2017-10-12 08:55:24	1	0	1	0
      120	2017-10-12 08:56:05	1	0	1	0
      116	2017-10-12 08:56:13	1	0	1	0
      101	2017-10-12 09:00:05	1	0	1	0
      110	2017-10-12 09:03:06	1	0	1	0
       43	2017-10-12 09:03:35	1	0	1	0
       43	2017-10-12 09:07:21	1	0	1	0
      108	2017-10-12 09:08:42	1	0	1	0
       74	2017-10-12 09:29:24	1	0	1	0
      118	2017-10-12 09:36:58	1	0	1	0
      151	2017-10-12 09:37:05	1	0	1	0
      151	2017-10-12 09:37:07	1	0	1	0
       96	2017-10-12 09:41:54	1	0	1	0
      103	2017-10-12 09:49:34	1	0	1	0
      135	2017-10-12 09:49:42	1	0	1	0
      114	2017-10-12 11:21:36	1	0	1	0
      142	2017-10-12 13:29:53	1	0	1	0
       55	2017-10-12 16:05:33	1	1	1	0
      133	2017-10-12 18:31:02	1	1	1	0
      120	2017-10-12 18:31:04	1	1	1	0
      137	2017-10-12 18:32:03	1	0	1	0
       43	2017-10-12 18:32:11	1	1	1	0
      145	2017-10-12 18:32:22	1	1	1	0
      145	2017-10-12 18:32:24	1	1	1	0
      122	2017-10-12 18:32:49	1	1	1	0
      131	2017-10-12 18:33:00	1	1	1	0
      144	2017-10-12 18:33:28	1	1	1	0
      136	2017-10-12 18:33:37	1	0	1	0
      136	2017-10-12 18:33:42	1	0	1	0
      136	2017-10-12 18:33:49	1	1	1	0
      136	2017-10-12 18:33:52	1	1	1	0
      125	2017-10-12 18:33:56	1	1	1	0
      150	2017-10-12 18:34:10	1	1	1	0
      101	2017-10-12 18:34:15	1	1	1	0
      110	2017-10-12 18:34:21	1	1	1	0
      104	2017-10-12 18:35:09	1	1	1	0
      132	2017-10-12 18:35:20	1	1	1	0
      135	2017-10-12 18:35:53	1	1	1	0
      141	2017-10-12 18:36:06	1	1	1	0
      103	2017-10-12 18:36:14	1	1	1	0
      140	2017-10-12 18:36:47	1	1	1	0
      140	2017-10-12 18:36:51	1	1	1	0
      141	2017-10-12 18:37:01	1	1	1	0
       93	2017-10-12 18:37:10	1	1	1	0
      142	2017-10-12 18:37:17	1	1	1	0
      143	2017-10-12 18:37:23	1	1	1	0
      108	2017-10-12 18:37:43	1	1	1	0
       97	2017-10-12 18:40:54	1	1	1	0
       96	2017-10-12 18:41:54	1	1	1	0
      129	2017-10-12 18:41:59	1	1	1	0
      129	2017-10-12 18:42:03	1	1	1	0
      134	2017-10-12 18:42:06	1	1	1	0
       78	2017-10-12 18:42:40	1	1	1	0
      116	2017-10-12 18:43:54	1	1	1	0
      128	2017-10-12 18:44:00	1	1	1	0
      127	2017-10-12 18:54:55	1	1	1	0
      149	2017-10-12 18:58:55	1	1	1	0
      118	2017-10-12 19:07:18	1	1	1	0
      151	2017-10-12 19:07:23	1	1	1	0
       74	2017-10-12 19:08:39	1	1	1	0
      114	2017-10-12 19:24:39	1	1	1	0
      114	2017-10-12 19:26:00	1	1	1	0
       69	2017-10-12 21:17:24	1	1	1	0
       13	2017-10-12 21:17:33	1	1	1	0
      111	2017-10-12 21:17:57	1	1	1	0
        4	2017-10-12 21:30:19	1	1	1	0
      107	2017-10-12 21:31:47	1	1	1	0
      107	2017-10-12 21:31:49	1	1	1	0
      107	2017-10-12 21:31:52	1	1	1	0
      122	2017-10-13 07:16:52	1	0	1	0
      137	2017-10-13 07:25:31	1	0	1	0
      117	2017-10-13 07:35:54	1	0	1	0
      117	2017-10-13 07:35:58	1	0	1	0
       97	2017-10-13 07:44:07	1	0	1	0
      140	2017-10-13 07:45:38	1	0	1	0
      140	2017-10-13 07:45:42	1	0	1	0
      101	2017-10-13 07:59:31	1	0	1	0
      143	2017-10-13 08:07:56	1	0	1	0
      145	2017-10-13 08:10:39	1	0	1	0
      145	2017-10-13 08:10:41	1	0	1	0
       92	2017-10-13 08:10:47	1	0	1	0
      116	2017-10-13 08:15:01	1	0	1	0
      116	2017-10-13 08:15:03	1	0	1	0
      104	2017-10-13 08:17:08	1	0	1	0
      115	2017-10-13 08:18:07	1	0	1	0
      123	2017-10-13 08:19:15	1	0	1	0
      141	2017-10-13 08:19:36	1	0	1	0
       69	2017-10-13 08:20:30	1	0	1	0
      107	2017-10-13 08:20:59	1	0	1	0
      107	2017-10-13 08:21:01	1	0	1	0
      107	2017-10-13 08:21:03	1	0	1	0
      144	2017-10-13 08:25:59	1	0	1	0
       48	2017-10-13 08:26:26	1	0	1	0
      150	2017-10-13 08:29:23	1	0	1	0
      128	2017-10-13 08:29:34	1	0	1	0
       93	2017-10-13 08:29:43	1	0	1	0
      111	2017-10-13 08:31:24	1	0	1	0
      120	2017-10-13 08:34:08	1	0	1	0
       13	2017-10-13 08:36:24	1	0	1	0
      110	2017-10-13 08:41:30	1	0	1	0
       96	2017-10-13 08:42:08	1	0	1	0
       43	2017-10-13 08:42:50	1	0	1	0
      125	2017-10-13 08:47:53	1	0	1	0
      124	2017-10-13 08:53:12	1	0	1	0
        4	2017-10-13 09:03:52	1	0	1	0
      118	2017-10-13 09:12:05	1	0	1	0
      151	2017-10-13 09:12:13	1	0	1	0
       74	2017-10-13 09:19:55	1	0	1	0
      135	2017-10-13 09:22:06	1	0	1	0
      135	2017-10-13 09:22:08	1	0	1	0
      103	2017-10-13 09:22:15	1	0	1	0
       88	2017-10-13 09:56:41	1	0	1	0
      142	2017-10-13 10:18:54	1	0	1	0
       55	2017-10-13 10:55:12	1	0	1	0
      108	2017-10-13 13:45:15	1	0	1	0
      144	2017-10-13 18:30:09	1	1	1	0
      131	2017-10-13 18:30:17	1	1	1	0
      131	2017-10-13 18:30:21	1	1	1	0
      104	2017-10-13 18:32:23	1	1	1	0
      125	2017-10-13 18:32:32	1	1	1	0
      118	2017-10-13 18:32:44	1	1	1	0
      118	2017-10-13 18:32:47	1	1	1	0
      151	2017-10-13 18:32:51	1	1	1	0
      134	2017-10-13 18:32:56	1	1	1	0
      134	2017-10-13 18:33:00	1	1	1	0
       96	2017-10-13 18:33:03	1	1	1	0
      129	2017-10-13 18:33:07	1	1	1	0
      129	2017-10-13 18:33:11	1	1	1	0
      136	2017-10-13 18:33:21	1	1	1	0
      136	2017-10-13 18:33:27	1	1	1	0
       43	2017-10-13 18:33:33	1	1	1	0
      107	2017-10-13 18:33:42	1	1	1	0
      107	2017-10-13 18:33:46	1	1	1	0
      107	2017-10-13 18:33:48	1	1	1	0
       97	2017-10-13 18:33:50	1	1	1	0
      132	2017-10-13 18:33:55	1	1	1	0
       93	2017-10-13 18:34:00	1	1	1	0
      143	2017-10-13 18:34:57	1	1	1	0
      137	2017-10-13 18:35:09	1	1	1	0
      123	2017-10-13 18:35:25	1	1	1	0
      145	2017-10-13 18:35:38	1	1	1	0
      145	2017-10-13 18:35:40	1	1	1	0
      150	2017-10-13 18:36:09	1	1	1	0
      129	2017-10-13 18:40:50	1	1	1	0
      129	2017-10-13 18:40:54	1	1	1	0
      133	2017-10-13 18:40:59	1	1	1	0
      133	2017-10-13 18:41:05	1	1	1	0
      141	2017-10-13 18:41:14	1	1	1	0
      101	2017-10-13 18:47:23	1	1	1	0
      142	2017-10-13 18:48:18	1	1	1	0
      140	2017-10-13 18:51:08	1	1	1	0
      140	2017-10-13 18:51:11	1	1	1	0
      135	2017-10-13 18:52:01	1	1	1	0
      103	2017-10-13 18:52:12	1	1	1	0
       48	2017-10-13 18:53:56	1	1	1	0
      120	2017-10-13 18:54:01	1	1	1	0
      128	2017-10-13 18:54:07	1	1	1	0
      111	2017-10-13 18:56:38	1	1	1	0
       13	2017-10-13 19:03:04	1	1	1	0
       13	2017-10-13 19:03:06	1	1	1	0
      116	2017-10-13 19:03:10	1	1	1	0
       78	2017-10-13 19:03:42	1	1	1	0
       55	2017-10-13 19:05:13	1	1	1	0
      149	2017-10-13 19:05:50	1	1	1	0
       69	2017-10-13 19:06:50	1	1	1	0
        4	2017-10-13 19:12:41	1	1	1	0
       88	2017-10-13 19:18:22	1	1	1	0
      108	2017-10-13 19:18:52	1	1	1	0
       74	2017-10-13 19:26:23	1	1	1	0
      127	2017-10-13 19:37:28	1	1	1	0
      115	2017-10-13 19:41:01	1	1	1	0
      114	2017-10-13 21:45:12	1	1	1	0
        4	2017-10-14 10:09:56	1	0	1	0
        4	2017-10-14 14:20:11	1	1	1	0
      104	2017-10-16 06:55:10	1	0	1	0
       43	2017-10-16 07:14:15	1	0	1	0
      122	2017-10-16 07:17:56	1	0	1	0
      137	2017-10-16 07:22:58	1	0	1	0
      123	2017-10-16 07:25:35	1	0	1	0
      140	2017-10-16 07:27:47	1	0	1	0
      140	2017-10-16 07:27:50	1	0	1	0
      117	2017-10-16 07:28:43	1	0	1	0
      117	2017-10-16 07:28:47	1	0	1	0
      141	2017-10-16 07:45:19	1	0	1	0
      125	2017-10-16 07:54:38	1	0	1	0
      125	2017-10-16 07:54:48	1	0	1	0
       97	2017-10-16 07:54:50	1	0	1	0
      115	2017-10-16 07:54:55	1	0	1	0
      143	2017-10-16 07:57:00	1	0	1	0
      121	2017-10-16 08:10:19	1	0	1	0
      144	2017-10-16 08:12:28	1	0	1	0
       55	2017-10-16 08:13:06	1	0	1	0
       92	2017-10-16 08:19:50	1	0	1	0
       13	2017-10-16 08:20:41	1	0	1	0
      110	2017-10-16 08:24:11	1	0	1	0
      116	2017-10-16 08:24:23	1	0	1	0
      103	2017-10-16 08:26:01	1	0	1	0
      135	2017-10-16 08:26:16	1	0	1	0
      128	2017-10-16 08:26:27	1	0	1	0
       96	2017-10-16 08:27:04	1	0	1	0
      150	2017-10-16 08:28:41	1	0	1	0
        4	2017-10-16 08:31:17	1	0	1	0
       88	2017-10-16 08:44:10	1	0	1	0
      142	2017-10-16 08:45:06	1	0	1	0
      133	2017-10-16 08:50:07	1	0	1	0
      107	2017-10-16 08:57:17	1	0	1	0
      107	2017-10-16 08:57:19	1	0	1	0
      107	2017-10-16 08:57:21	1	0	1	0
       48	2017-10-16 08:58:58	1	0	1	0
      120	2017-10-16 08:59:41	1	0	1	0
      101	2017-10-16 09:05:44	1	0	1	0
       98	2017-10-16 09:24:23	1	0	1	0
      114	2017-10-16 12:04:06	1	0	1	0
      145	2017-10-16 18:30:20	1	1	1	0
      145	2017-10-16 18:30:22	1	1	1	0
      127	2017-10-16 18:31:07	1	1	1	0
       93	2017-10-16 18:31:43	1	1	1	0
      137	2017-10-16 18:32:40	1	0	1	0
       43	2017-10-16 18:34:11	1	1	1	0
      140	2017-10-16 18:37:06	1	1	1	0
      144	2017-10-16 18:37:18	1	1	1	0
      125	2017-10-16 18:37:22	1	1	1	0
        4	2017-10-16 18:37:44	1	1	1	0
      143	2017-10-16 18:38:45	1	0	1	0
      143	2017-10-16 18:38:52	1	1	1	0
       98	2017-10-16 18:39:10	1	1	1	0
      150	2017-10-16 18:39:24	1	1	1	0
      103	2017-10-16 18:39:34	1	1	1	0
      107	2017-10-16 18:40:02	1	1	1	0
      107	2017-10-16 18:40:04	1	1	1	0
      107	2017-10-16 18:40:05	1	1	1	0
      135	2017-10-16 18:40:10	1	1	1	0
      110	2017-10-16 18:40:14	1	0	1	0
      108	2017-10-16 18:42:49	1	1	1	0
      141	2017-10-16 18:45:35	1	1	1	0
      114	2017-10-16 18:46:35	1	1	1	0
      120	2017-10-16 18:47:41	1	1	1	0
       78	2017-10-16 18:47:46	1	1	1	0
      142	2017-10-16 18:48:12	1	1	1	0
      115	2017-10-16 18:50:21	1	1	1	0
       88	2017-10-16 18:50:29	1	1	1	0
      121	2017-10-16 18:52:44	1	1	1	0
       48	2017-10-16 18:54:58	1	1	1	0
      116	2017-10-16 18:55:03	1	1	1	0
      128	2017-10-16 18:55:11	1	1	1	0
       55	2017-10-16 18:57:39	1	1	1	0
      149	2017-10-16 18:58:35	1	1	1	0
      123	2017-10-16 18:59:53	1	1	1	0
      131	2017-10-16 19:19:21	1	1	1	0
      117	2017-10-16 19:19:28	1	1	1	0
      117	2017-10-16 19:19:31	1	1	1	0
       97	2017-10-16 19:19:34	1	1	1	0
      129	2017-10-16 19:19:39	1	1	1	0
      129	2017-10-16 19:19:50	1	1	1	0
       96	2017-10-16 19:19:54	1	1	1	0
      136	2017-10-16 19:19:59	1	1	1	0
      136	2017-10-16 19:20:04	1	1	1	0
      132	2017-10-16 19:20:22	1	1	1	0
      133	2017-10-16 19:20:32	1	1	1	0
      133	2017-10-16 19:20:34	1	1	1	0
       13	2017-10-16 19:32:27	1	1	1	0
      101	2017-10-16 19:45:43	1	1	1	0
       92	2017-10-16 19:45:54	1	1	1	0
      122	2017-10-17 07:08:46	1	0	1	0
      122	2017-10-17 07:08:50	1	0	1	0
      137	2017-10-17 07:11:09	1	0	1	0
      143	2017-10-17 07:12:59	1	0	1	0
      140	2017-10-17 07:13:54	1	0	1	0
      140	2017-10-17 07:13:58	1	0	1	0
      123	2017-10-17 07:19:18	1	0	1	0
      101	2017-10-17 07:48:26	1	0	1	0
      101	2017-10-17 07:48:36	1	0	1	0
       97	2017-10-17 07:49:26	1	0	1	0
      145	2017-10-17 07:51:29	1	0	1	0
      145	2017-10-17 07:51:31	1	0	1	0
       93	2017-10-17 07:56:47	1	1	1	0
      141	2017-10-17 07:58:20	1	0	1	0
       96	2017-10-17 07:59:42	1	0	1	0
       69	2017-10-17 08:03:42	1	0	1	0
      111	2017-10-17 08:04:09	1	0	1	0
       55	2017-10-17 08:06:52	1	0	1	0
       43	2017-10-17 08:06:59	1	0	1	0
      124	2017-10-17 08:07:04	1	0	1	0
      115	2017-10-17 08:08:10	1	0	1	0
       48	2017-10-17 08:08:32	1	0	1	0
       13	2017-10-17 08:11:53	1	0	1	0
       92	2017-10-17 08:14:51	1	0	1	0
      125	2017-10-17 08:19:07	1	0	1	0
      150	2017-10-17 08:19:17	1	0	1	0
      125	2017-10-17 08:21:09	1	0	1	0
      144	2017-10-17 08:28:21	1	0	1	0
      107	2017-10-17 08:28:43	1	0	1	0
      107	2017-10-17 08:28:45	1	0	1	0
      107	2017-10-17 08:28:47	1	0	1	0
        4	2017-10-17 08:31:47	1	0	1	0
      116	2017-10-17 08:32:50	1	0	1	0
      110	2017-10-17 08:33:36	1	0	1	0
       74	2017-10-17 08:36:28	1	0	1	0
      118	2017-10-17 08:56:25	1	0	1	0
      151	2017-10-17 08:56:29	1	0	1	0
      108	2017-10-17 09:05:36	1	0	1	0
      135	2017-10-17 09:25:41	1	0	1	0
      103	2017-10-17 09:26:38	1	0	1	0
      114	2017-10-17 10:23:28	1	0	1	0
      120	2017-10-17 13:51:27	1	0	1	0
      116	2017-10-17 14:09:34	1	1	1	0
      145	2017-10-17 18:30:14	1	1	1	0
      145	2017-10-17 18:30:16	1	1	1	0
      122	2017-10-17 18:30:30	1	1	1	0
      122	2017-10-17 18:30:35	1	1	1	0
      122	2017-10-17 18:30:38	1	1	1	0
       43	2017-10-17 18:30:47	1	1	1	0
      127	2017-10-17 18:33:05	1	1	1	0
       93	2017-10-17 18:33:17	1	1	1	0
      135	2017-10-17 18:34:04	1	1	1	0
      135	2017-10-17 18:34:06	1	1	1	0
      103	2017-10-17 18:34:11	1	1	1	0
      150	2017-10-17 18:34:21	1	1	1	0
      140	2017-10-17 18:34:27	1	1	1	0
      140	2017-10-17 18:34:31	1	1	1	0
      118	2017-10-17 18:35:09	1	1	1	0
      118	2017-10-17 18:35:11	1	1	1	0
      143	2017-10-17 18:35:25	1	1	1	0
      118	2017-10-17 18:35:44	1	1	1	0
      151	2017-10-17 18:35:49	1	1	1	0
      137	2017-10-17 18:36:32	1	0	1	0
      143	2017-10-17 18:37:21	1	1	1	0
        4	2017-10-17 18:37:56	1	1	1	0
      141	2017-10-17 18:38:01	1	1	1	0
      111	2017-10-17 18:39:13	1	1	1	0
      108	2017-10-17 18:44:30	1	1	1	0
      107	2017-10-17 18:44:32	1	1	1	0
      107	2017-10-17 18:44:34	1	1	1	0
      107	2017-10-17 18:44:36	1	1	1	0
      115	2017-10-17 18:44:44	1	1	1	0
      121	2017-10-17 18:50:30	1	1	1	0
      123	2017-10-17 18:51:13	1	1	1	0
      124	2017-10-17 18:51:34	1	1	1	0
       78	2017-10-17 18:51:51	1	1	1	0
      131	2017-10-17 18:55:43	1	1	1	0
      132	2017-10-17 18:55:47	1	1	1	0
      133	2017-10-17 18:55:52	1	1	1	0
       96	2017-10-17 18:55:56	1	1	1	0
      129	2017-10-17 18:56:01	1	1	1	0
      129	2017-10-17 18:56:05	1	1	1	0
      125	2017-10-17 18:56:55	1	1	1	0
      144	2017-10-17 18:56:59	1	1	1	0
      136	2017-10-17 18:57:14	1	1	1	0
      136	2017-10-17 18:57:18	1	1	1	0
      110	2017-10-17 18:58:32	1	1	1	0
      128	2017-10-17 19:03:25	1	1	1	0
       97	2017-10-17 19:04:01	1	1	1	0
       96	2017-10-17 19:04:41	1	1	1	0
       48	2017-10-17 19:05:20	1	1	1	0
      117	2017-10-17 19:05:42	1	1	1	0
      117	2017-10-17 19:05:46	1	1	1	0
       92	2017-10-17 19:09:49	1	1	1	0
       13	2017-10-17 19:11:04	1	1	1	0
      149	2017-10-17 19:16:53	1	0	1	0
      149	2017-10-17 19:16:59	1	1	1	0
       55	2017-10-17 19:17:13	1	1	1	0
      114	2017-10-17 19:35:43	1	1	1	0
       74	2017-10-17 19:50:05	1	1	1	0
      101	2017-10-17 20:44:46	1	1	1	0
       69	2017-10-17 21:00:45	1	1	1	0
      137	2017-10-18 07:20:22	1	0	1	0
      140	2017-10-18 07:20:47	1	0	1	0
      140	2017-10-18 07:20:57	1	0	1	0
      143	2017-10-18 07:22:00	1	0	1	0
      150	2017-10-18 07:36:25	1	0	1	0
      107	2017-10-18 07:47:33	1	0	1	0
      107	2017-10-18 07:47:35	1	0	1	0
      107	2017-10-18 07:47:37	1	0	1	0
      107	2017-10-18 07:51:55	1	0	1	0
      107	2017-10-18 07:51:57	1	0	1	0
      107	2017-10-18 07:52:00	1	0	1	0
       97	2017-10-18 08:02:07	1	0	1	0
      115	2017-10-18 08:03:51	1	0	1	0
       13	2017-10-18 08:05:07	1	0	1	0
      121	2017-10-18 08:07:05	1	0	1	0
      132	2017-10-18 08:08:21	1	0	1	0
      101	2017-10-18 08:09:03	1	0	1	0
       92	2017-10-18 08:10:32	1	0	1	0
      110	2017-10-18 08:13:25	1	0	1	0
      110	2017-10-18 08:13:27	1	0	1	0
       48	2017-10-18 08:16:48	1	0	1	0
      111	2017-10-18 08:19:14	1	0	1	0
      144	2017-10-18 08:22:13	1	0	1	0
      123	2017-10-18 08:22:52	1	0	1	0
      141	2017-10-18 08:22:58	1	0	1	0
       69	2017-10-18 08:25:33	1	0	1	0
       93	2017-10-18 08:32:42	1	0	1	0
      125	2017-10-18 08:33:24	1	0	1	0
       43	2017-10-18 08:39:55	1	0	1	0
      116	2017-10-18 08:40:32	1	0	1	0
        4	2017-10-18 08:48:58	1	0	1	0
      128	2017-10-18 08:50:28	1	0	1	0
      133	2017-10-18 08:51:22	1	0	1	0
      142	2017-10-18 08:54:46	1	0	1	0
      103	2017-10-18 09:05:58	1	0	1	0
      108	2017-10-18 09:10:44	1	0	1	0
       98	2017-10-18 09:13:16	1	0	1	0
       96	2017-10-18 09:16:24	1	0	1	0
      120	2017-10-18 09:34:50	1	0	1	0
       74	2017-10-18 09:45:07	1	0	1	0
      118	2017-10-18 10:07:31	1	0	1	0
      151	2017-10-18 10:07:41	1	0	1	0
      133	2017-10-18 15:53:38	1	1	1	0
      145	2017-10-18 18:30:02	1	1	1	0
      145	2017-10-18 18:30:13	1	1	1	0
      125	2017-10-18 18:30:42	1	0	1	0
      144	2017-10-18 18:30:48	1	0	1	0
      144	2017-10-18 18:30:55	1	1	1	0
      137	2017-10-18 18:31:19	1	1	1	0
      143	2017-10-18 18:31:32	1	0	1	0
      143	2017-10-18 18:31:38	1	1	1	0
      141	2017-10-18 18:32:05	1	1	1	0
      124	2017-10-18 18:32:21	1	1	1	0
      129	2017-10-18 18:32:26	1	1	1	0
      129	2017-10-18 18:32:31	1	1	1	0
      131	2017-10-18 18:32:36	1	1	1	0
      101	2017-10-18 18:32:39	1	1	1	0
       96	2017-10-18 18:32:43	1	1	1	0
      142	2017-10-18 18:32:53	1	1	1	0
      110	2017-10-18 18:33:49	1	1	1	0
      140	2017-10-18 18:34:17	1	1	1	0
      140	2017-10-18 18:34:22	1	1	1	0
      136	2017-10-18 18:35:20	1	1	1	0
       93	2017-10-18 18:35:36	1	1	1	0
       97	2017-10-18 18:35:40	1	1	1	0
      132	2017-10-18 18:35:45	1	1	1	0
      118	2017-10-18 18:36:37	1	0	1	0
      118	2017-10-18 18:36:39	1	0	1	0
      118	2017-10-18 18:36:43	1	0	1	0
      118	2017-10-18 18:36:46	1	0	1	0
      118	2017-10-18 18:36:51	1	1	1	0
      103	2017-10-18 18:36:57	1	1	1	0
       98	2017-10-18 18:37:04	1	1	1	0
      127	2017-10-18 18:37:13	1	1	1	0
       43	2017-10-18 18:37:21	1	1	1	0
      150	2017-10-18 18:38:44	1	1	1	0
      151	2017-10-18 18:38:53	1	1	1	0
      151	2017-10-18 18:38:56	1	1	1	0
      118	2017-10-18 18:39:01	1	1	1	0
      107	2017-10-18 18:39:59	1	1	1	0
      107	2017-10-18 18:40:01	1	1	1	0
      107	2017-10-18 18:40:03	1	1	1	0
      135	2017-10-18 18:40:28	1	1	1	0
      122	2017-10-18 18:41:46	1	1	1	0
      120	2017-10-18 18:45:11	1	1	1	0
      107	2017-10-18 18:45:25	1	1	1	0
      107	2017-10-18 18:45:27	1	1	1	0
      107	2017-10-18 18:45:29	1	1	1	0
      104	2017-10-18 18:45:31	1	1	1	0
      115	2017-10-18 18:48:04	1	1	1	0
       74	2017-10-18 18:48:09	1	1	1	0
      116	2017-10-18 18:48:36	1	1	1	0
      116	2017-10-18 18:48:38	1	1	1	0
      108	2017-10-18 18:49:41	1	1	1	0
       78	2017-10-18 18:50:39	1	1	1	0
       48	2017-10-18 18:56:43	1	1	1	0
       55	2017-10-18 19:06:51	1	1	1	0
      149	2017-10-18 19:07:00	1	1	1	0
       55	2017-10-18 19:08:20	1	1	1	0
       13	2017-10-18 20:18:34	1	1	1	0
       69	2017-10-18 20:25:22	1	1	1	0
      111	2017-10-18 20:25:28	1	1	1	0
       92	2017-10-18 20:37:32	1	1	1	0
        4	2017-10-18 20:37:35	1	1	1	0
      137	2017-10-19 07:11:53	1	0	1	0
      140	2017-10-19 07:12:43	1	0	1	0
      143	2017-10-19 07:35:51	1	0	1	0
      117	2017-10-19 07:37:45	1	0	1	0
      117	2017-10-19 07:37:59	1	0	1	0
      122	2017-10-19 07:45:18	1	0	1	0
      104	2017-10-19 07:45:32	1	0	1	0
       13	2017-10-19 07:46:04	1	0	1	0
      101	2017-10-19 07:49:12	1	0	1	0
      123	2017-10-19 08:01:19	1	0	1	0
      115	2017-10-19 08:05:51	1	0	1	0
      121	2017-10-19 08:06:02	1	0	1	0
      107	2017-10-19 08:06:59	1	0	1	0
      107	2017-10-19 08:07:01	1	0	1	0
      107	2017-10-19 08:07:02	1	0	1	0
       97	2017-10-19 08:10:11	1	0	1	0
       97	2017-10-19 08:10:12	1	0	1	0
      141	2017-10-19 08:10:59	1	0	1	0
       92	2017-10-19 08:14:35	1	0	1	0
      145	2017-10-19 08:17:56	1	0	1	0
      145	2017-10-19 08:17:58	1	0	1	0
       69	2017-10-19 08:21:30	1	0	1	0
      150	2017-10-19 08:24:11	1	0	1	0
      111	2017-10-19 08:25:51	1	0	1	0
      132	2017-10-19 08:26:48	1	0	1	0
      116	2017-10-19 08:27:40	1	0	1	0
      128	2017-10-19 08:27:46	1	0	1	0
      125	2017-10-19 08:29:28	1	0	1	0
      120	2017-10-19 08:30:35	1	0	1	0
       96	2017-10-19 08:34:09	1	0	1	0
       55	2017-10-19 08:35:55	1	0	1	0
      144	2017-10-19 08:41:09	1	0	1	0
      136	2017-10-19 08:41:38	1	0	1	0
      133	2017-10-19 08:43:24	1	0	1	0
      131	2017-10-19 08:44:55	1	0	1	0
      110	2017-10-19 08:49:30	1	0	1	0
       48	2017-10-19 08:49:35	1	0	1	0
       43	2017-10-19 08:50:10	1	0	1	0
        4	2017-10-19 08:53:22	1	0	1	0
      108	2017-10-19 09:03:51	1	0	1	0
       74	2017-10-19 09:21:34	1	0	1	0
      103	2017-10-19 09:28:33	1	0	1	0
      135	2017-10-19 09:28:39	1	0	1	0
      142	2017-10-19 09:30:14	1	0	1	0
      118	2017-10-19 09:44:56	1	0	1	0
      151	2017-10-19 09:45:07	1	0	1	0
       98	2017-10-19 10:00:25	1	0	1	0
       98	2017-10-19 10:00:31	1	0	1	0
       98	2017-10-19 10:00:42	1	0	1	0
      110	2017-10-19 15:14:03	1	1	1	0
      122	2017-10-19 18:30:07	1	1	1	0
      144	2017-10-19 18:30:12	1	1	1	0
       43	2017-10-19 18:30:19	1	1	1	0
      145	2017-10-19 18:30:23	1	1	1	0
      145	2017-10-19 18:30:24	1	1	1	0
       96	2017-10-19 18:30:35	1	1	1	0
      132	2017-10-19 18:30:48	1	1	1	0
      127	2017-10-19 18:30:54	1	1	1	0
      104	2017-10-19 18:31:27	1	1	1	0
       97	2017-10-19 18:31:32	1	1	1	0
      131	2017-10-19 18:31:44	1	1	1	0
      124	2017-10-19 18:31:55	1	1	1	0
      136	2017-10-19 18:33:08	1	1	1	0
      136	2017-10-19 18:33:14	1	1	1	0
       98	2017-10-19 18:33:20	1	1	1	0
      101	2017-10-19 18:34:39	1	1	1	0
      141	2017-10-19 18:35:01	1	1	1	0
      107	2017-10-19 18:35:24	1	1	1	0
      107	2017-10-19 18:35:26	1	1	1	0
      107	2017-10-19 18:35:27	1	1	1	0
      103	2017-10-19 18:35:55	1	1	1	0
      137	2017-10-19 18:36:13	1	1	1	0
      135	2017-10-19 18:36:20	1	1	1	0
      135	2017-10-19 18:36:25	1	1	1	0
      150	2017-10-19 18:36:57	1	0	1	0
      150	2017-10-19 18:37:03	1	1	1	0
      142	2017-10-19 18:37:13	1	1	1	0
      133	2017-10-19 18:37:21	1	1	1	0
      129	2017-10-19 18:37:26	1	1	1	0
      129	2017-10-19 18:37:30	1	1	1	0
      140	2017-10-19 18:38:07	1	1	1	0
      140	2017-10-19 18:38:12	1	1	1	0
      143	2017-10-19 18:38:14	1	1	1	0
      151	2017-10-19 18:39:12	1	1	1	0
      115	2017-10-19 18:39:40	1	1	1	0
      118	2017-10-19 18:39:58	1	1	1	0
      118	2017-10-19 18:40:01	1	1	1	0
      118	2017-10-19 18:40:48	1	0	1	0
      118	2017-10-19 18:40:53	1	1	1	0
      108	2017-10-19 18:50:46	1	1	1	0
      120	2017-10-19 18:50:50	1	1	1	0
      116	2017-10-19 18:50:54	1	1	1	0
       78	2017-10-19 18:51:13	1	1	1	0
       78	2017-10-19 18:52:27	1	1	1	0
       74	2017-10-19 18:53:33	1	1	1	0
      149	2017-10-19 18:59:11	1	1	1	0
       48	2017-10-19 18:59:16	1	1	1	0
       55	2017-10-19 19:03:42	1	1	1	0
      123	2017-10-19 20:09:04	1	1	1	0
      111	2017-10-19 21:15:48	1	1	1	0
       69	2017-10-19 21:15:53	1	1	1	0
       92	2017-10-19 21:17:22	1	1	1	0
        4	2017-10-19 21:28:05	1	1	1	0
       97	2017-10-20 05:56:20	1	0	1	0
      123	2017-10-20 07:06:28	1	0	1	0
      140	2017-10-20 07:07:43	1	0	1	0
      140	2017-10-20 07:07:46	1	0	1	0
      137	2017-10-20 07:07:51	1	0	1	0
      122	2017-10-20 07:17:00	1	0	1	0
      143	2017-10-20 07:21:19	1	0	1	0
      122	2017-10-20 07:23:09	1	0	1	0
      117	2017-10-20 07:42:58	1	0	1	0
      117	2017-10-20 07:43:02	1	0	1	0
      101	2017-10-20 07:49:32	1	0	1	0
      101	2017-10-20 07:57:57	1	4	1	0
      121	2017-10-20 07:59:56	1	0	1	0
       92	2017-10-20 08:07:05	1	0	1	0
      115	2017-10-20 08:14:07	1	0	1	0
       13	2017-10-20 08:15:04	1	0	1	0
       13	2017-10-20 08:15:06	1	0	1	0
      132	2017-10-20 08:17:30	1	0	1	0
      145	2017-10-20 08:18:33	1	0	1	0
      145	2017-10-20 08:18:34	1	0	1	0
      104	2017-10-20 08:19:49	1	0	1	0
      150	2017-10-20 08:20:44	1	0	1	0
      150	2017-10-20 08:20:49	1	0	1	0
      141	2017-10-20 08:26:12	1	0	1	0
      128	2017-10-20 08:26:20	1	0	1	0
      136	2017-10-20 08:27:11	1	0	1	0
       69	2017-10-20 08:28:20	1	0	1	0
       43	2017-10-20 08:28:34	1	0	1	0
      116	2017-10-20 08:29:15	1	0	1	0
      111	2017-10-20 08:30:44	1	0	1	0
      125	2017-10-20 08:36:04	1	0	1	0
      131	2017-10-20 08:36:52	1	0	1	0
       55	2017-10-20 08:40:26	1	0	1	0
      107	2017-10-20 08:44:30	1	0	1	0
      107	2017-10-20 08:44:32	1	0	1	0
      107	2017-10-20 08:44:34	1	0	1	0
       93	2017-10-20 08:52:30	1	0	1	0
      133	2017-10-20 08:55:10	1	0	1	0
      108	2017-10-20 08:58:16	1	0	1	0
       96	2017-10-20 08:58:41	1	0	1	0
        4	2017-10-20 08:59:21	1	0	1	0
      110	2017-10-20 09:01:10	1	0	1	0
      103	2017-10-20 09:05:08	1	0	1	0
      135	2017-10-20 09:05:13	1	0	1	0
      142	2017-10-20 09:10:00	1	0	1	0
      124	2017-10-20 09:10:41	1	0	1	0
      120	2017-10-20 09:20:59	1	0	1	0
       48	2017-10-20 09:27:17	1	0	1	0
       74	2017-10-20 09:34:25	1	0	1	0
      118	2017-10-20 09:45:37	1	0	1	0
      151	2017-10-20 09:45:53	1	0	1	0
      129	2017-10-20 11:03:59	1	0	1	0
       88	2017-10-20 11:32:09	1	0	1	0
      122	2017-10-20 18:30:53	1	1	1	0
      144	2017-10-20 18:31:28	1	1	1	0
      145	2017-10-20 18:33:08	1	1	1	0
      145	2017-10-20 18:33:10	1	1	1	0
       88	2017-10-20 18:33:21	1	1	1	0
      150	2017-10-20 18:34:44	1	1	1	0
      135	2017-10-20 18:35:02	1	1	1	0
      135	2017-10-20 18:35:04	1	1	1	0
      107	2017-10-20 18:40:10	1	1	1	0
      107	2017-10-20 18:40:12	1	1	1	0
      107	2017-10-20 18:40:14	1	1	1	0
      115	2017-10-20 18:40:23	1	1	1	0
      128	2017-10-20 18:40:33	1	1	1	0
      151	2017-10-20 18:41:42	1	0	1	0
      151	2017-10-20 18:41:47	1	1	1	0
      149	2017-10-20 18:47:56	1	1	1	0
      103	2017-10-20 18:50:49	1	1	1	0
       96	2017-10-20 18:53:16	1	1	1	0
      137	2017-10-20 18:53:23	1	1	1	0
      140	2017-10-20 18:54:05	1	1	1	0
      140	2017-10-20 18:54:09	1	1	1	0
      140	2017-10-20 18:54:13	1	1	1	0
      133	2017-10-20 18:54:25	1	1	1	0
       69	2017-10-20 19:06:02	1	1	1	0
      141	2017-10-20 19:06:09	1	1	1	0
      116	2017-10-20 19:07:09	1	1	1	0
       74	2017-10-20 19:07:26	1	1	1	0
        4	2017-10-20 19:07:32	1	1	1	0
      123	2017-10-20 19:17:17	1	1	1	0
       55	2017-10-20 19:33:29	1	1	1	0
       13	2017-10-20 19:36:34	1	1	1	0
      104	2017-10-20 20:14:38	1	1	1	0
       78	2017-10-20 20:30:54	1	1	1	0
      118	2017-10-20 21:20:14	1	1	1	0
      118	2017-10-20 21:20:16	1	1	1	0
       93	2017-10-20 21:28:45	1	1	1	0
      127	2017-10-20 21:30:21	1	1	1	0
      143	2017-10-20 21:34:45	1	1	1	0
      108	2017-10-20 23:50:50	1	1	1	0
       97	2017-10-20 23:50:52	1	1	1	0
      107	2017-10-20 23:51:04	1	1	1	0
      107	2017-10-20 23:51:05	1	1	1	0
      107	2017-10-20 23:51:08	1	1	1	0
       43	2017-10-20 23:51:23	1	1	1	0
       43	2017-10-20 23:51:28	1	0	1	0
      111	2017-10-20 23:51:34	1	0	1	0
      132	2017-10-21 00:34:55	1	1	1	0
      131	2017-10-21 02:15:16	1	1	1	0
      137	2017-10-23 07:20:00	1	0	1	0
      140	2017-10-23 07:20:24	1	0	1	0
      140	2017-10-23 07:20:30	1	0	1	0
      143	2017-10-23 07:21:33	1	0	1	0
      125	2017-10-23 08:08:47	1	0	1	0
       92	2017-10-23 08:15:27	1	0	1	0
      115	2017-10-23 08:16:39	1	0	1	0
      123	2017-10-23 08:17:04	1	0	1	0
      111	2017-10-23 08:25:18	1	0	1	0
      150	2017-10-23 08:25:25	1	0	1	0
       96	2017-10-23 08:27:20	1	0	1	0
      121	2017-10-23 08:27:31	1	0	1	0
      107	2017-10-23 08:28:27	1	0	1	0
      107	2017-10-23 08:28:29	1	0	1	0
      107	2017-10-23 08:28:31	1	0	1	0
      128	2017-10-23 08:32:52	1	0	1	0
      110	2017-10-23 08:39:52	1	0	1	0
      124	2017-10-23 08:41:43	1	0	1	0
        4	2017-10-23 08:42:22	1	0	1	0
       93	2017-10-23 08:44:33	1	0	1	0
      131	2017-10-23 08:48:19	1	0	1	0
      145	2017-10-23 08:49:20	1	0	1	0
      145	2017-10-23 08:49:22	1	0	1	0
      145	2017-10-23 08:50:54	1	0	1	0
       55	2017-10-23 08:55:07	1	0	1	0
       13	2017-10-23 09:00:52	1	0	1	0
      144	2017-10-23 09:04:53	1	0	1	0
      129	2017-10-23 09:07:35	1	0	1	0
      129	2017-10-23 09:07:39	1	0	1	0
       48	2017-10-23 09:12:50	1	0	1	0
      122	2017-10-23 09:17:45	1	0	1	0
      122	2017-10-23 09:17:49	1	0	1	0
      103	2017-10-23 09:19:39	1	0	1	0
      135	2017-10-23 09:20:17	1	0	1	0
      135	2017-10-23 09:20:23	1	0	1	0
      108	2017-10-23 09:21:35	1	0	1	0
      136	2017-10-23 09:21:43	1	0	1	0
       88	2017-10-23 09:27:15	1	0	1	0
      142	2017-10-23 09:30:36	1	0	1	0
       43	2017-10-23 09:32:00	1	0	1	0
      151	2017-10-23 09:36:18	1	0	1	0
       74	2017-10-23 09:41:00	1	0	1	0
       98	2017-10-23 10:28:52	1	0	1	0
       98	2017-10-23 10:28:54	1	0	1	0
      141	2017-10-23 12:03:24	1	0	1	0
      120	2017-10-23 13:30:42	1	0	1	0
      133	2017-10-23 14:26:38	1	0	1	0
      104	2017-10-23 14:28:24	1	0	1	0
      145	2017-10-23 18:30:04	1	1	1	0
      145	2017-10-23 18:30:07	1	1	1	0
      122	2017-10-23 18:30:09	1	1	1	0
      122	2017-10-23 18:30:11	1	1	1	0
       88	2017-10-23 18:31:54	1	1	1	0
      133	2017-10-23 18:33:27	1	1	1	0
      125	2017-10-23 18:34:02	1	1	1	0
      136	2017-10-23 18:34:11	1	1	1	0
      144	2017-10-23 18:34:16	1	1	1	0
      104	2017-10-23 18:34:22	1	1	1	0
      110	2017-10-23 18:34:54	1	1	1	0
      137	2017-10-23 18:35:08	1	1	1	0
      107	2017-10-23 18:35:12	1	1	1	0
      107	2017-10-23 18:35:16	1	1	1	0
      107	2017-10-23 18:35:18	1	1	1	0
      143	2017-10-23 18:35:29	1	1	1	0
        4	2017-10-23 18:35:35	1	1	1	0
      131	2017-10-23 18:35:37	1	1	1	0
       96	2017-10-23 18:35:44	1	1	1	0
      129	2017-10-23 18:35:48	1	1	1	0
      129	2017-10-23 18:35:54	1	1	1	0
      140	2017-10-23 18:36:01	1	1	1	0
      140	2017-10-23 18:36:05	1	1	1	0
      151	2017-10-23 18:36:20	1	1	1	0
      150	2017-10-23 18:36:30	1	1	1	0
       92	2017-10-23 18:36:41	1	1	1	0
      135	2017-10-23 18:38:24	1	1	1	0
      135	2017-10-23 18:38:31	1	1	1	0
       98	2017-10-23 18:38:38	1	1	1	0
      127	2017-10-23 18:38:45	1	1	1	0
      121	2017-10-23 18:39:00	1	1	1	0
      128	2017-10-23 18:39:50	1	1	1	0
       43	2017-10-23 18:40:04	1	1	1	0
      103	2017-10-23 18:41:28	1	1	1	0
      111	2017-10-23 18:42:07	1	1	1	0
       43	2017-10-23 18:42:20	1	1	1	0
      141	2017-10-23 18:43:30	1	1	1	0
      142	2017-10-23 18:44:32	1	1	1	0
       78	2017-10-23 18:47:54	1	1	1	0
      117	2017-10-23 18:48:17	1	1	1	0
      117	2017-10-23 18:48:22	1	1	1	0
      115	2017-10-23 18:48:26	1	1	1	0
      108	2017-10-23 18:58:34	1	1	1	0
       55	2017-10-23 19:00:34	1	1	1	0
       48	2017-10-23 19:01:27	1	1	1	0
      123	2017-10-23 19:02:28	1	1	1	0
       13	2017-10-23 19:18:34	1	1	1	0
      120	2017-10-23 19:30:15	1	1	1	0
      120	2017-10-23 19:30:17	1	1	1	0
      114	2017-10-23 20:28:40	1	1	1	0
      114	2017-10-23 20:31:15	1	1	1	0
      123	2017-10-24 07:11:29	1	0	1	0
      137	2017-10-24 07:11:48	1	0	1	0
      140	2017-10-24 07:12:12	1	0	1	0
      140	2017-10-24 07:12:17	1	0	1	0
      143	2017-10-24 07:20:01	1	0	1	0
       69	2017-10-24 07:25:36	1	0	1	0
       97	2017-10-24 07:46:12	1	0	1	0
      145	2017-10-24 08:06:53	1	0	1	0
      145	2017-10-24 08:06:56	1	0	1	0
      145	2017-10-24 08:06:58	1	0	1	0
      115	2017-10-24 08:12:04	1	0	1	0
       92	2017-10-24 08:14:21	1	0	1	0
      116	2017-10-24 08:14:48	1	0	1	0
      107	2017-10-24 08:15:19	1	0	1	0
      107	2017-10-24 08:15:21	1	0	1	0
      107	2017-10-24 08:15:23	1	0	1	0
      150	2017-10-24 08:20:05	1	0	1	0
      111	2017-10-24 08:21:23	1	0	1	0
      125	2017-10-24 08:25:56	1	0	1	0
      128	2017-10-24 08:29:08	1	0	1	0
      141	2017-10-24 08:30:44	1	0	1	0
      133	2017-10-24 08:35:03	1	0	1	0
      122	2017-10-24 08:40:56	1	0	1	0
        4	2017-10-24 08:41:17	1	0	1	0
      110	2017-10-24 08:42:05	1	0	1	0
      110	2017-10-24 08:42:07	1	0	1	0
      103	2017-10-24 08:44:38	1	0	1	0
      131	2017-10-24 08:45:36	1	0	1	0
      131	2017-10-24 08:45:38	1	0	1	0
       13	2017-10-24 08:57:01	1	0	1	0
       48	2017-10-24 08:57:29	1	0	1	0
      101	2017-10-24 08:57:58	1	0	1	0
      104	2017-10-24 08:58:36	1	0	1	0
      136	2017-10-24 08:59:17	1	0	1	0
      144	2017-10-24 09:02:03	1	0	1	0
      108	2017-10-24 09:05:08	1	0	1	0
       96	2017-10-24 09:05:33	1	0	1	0
      120	2017-10-24 09:11:31	1	0	1	0
       93	2017-10-24 09:22:03	1	0	1	0
      142	2017-10-24 09:30:38	1	0	1	0
      151	2017-10-24 09:34:55	1	0	1	0
      118	2017-10-24 09:37:18	1	0	1	0
       88	2017-10-24 10:19:45	1	0	1	0
       98	2017-10-24 12:18:29	1	0	1	0
       98	2017-10-24 12:18:35	1	0	1	0
       74	2017-10-24 13:36:47	1	0	1	0
      108	2017-10-24 17:04:47	1	1	1	0
       88	2017-10-24 17:05:56	1	1	1	0
      131	2017-10-24 18:31:07	1	1	1	0
      131	2017-10-24 18:31:09	1	1	1	0
      143	2017-10-24 18:31:13	1	1	1	0
      143	2017-10-24 18:31:17	1	1	1	0
      137	2017-10-24 18:31:39	1	1	1	0
      145	2017-10-24 18:32:25	1	1	1	0
      145	2017-10-24 18:32:27	1	1	1	0
      124	2017-10-24 18:32:31	1	1	1	0
      124	2017-10-24 18:32:32	1	1	1	0
       93	2017-10-24 18:33:06	1	1	1	0
      128	2017-10-24 18:33:14	1	1	1	0
      127	2017-10-24 18:33:17	1	1	1	0
      150	2017-10-24 18:33:31	1	1	1	0
      133	2017-10-24 18:33:42	1	1	1	0
      134	2017-10-24 18:33:45	1	1	1	0
      123	2017-10-24 18:34:43	1	1	1	0
       43	2017-10-24 18:35:00	1	1	1	0
      144	2017-10-24 18:35:05	1	1	1	0
      125	2017-10-24 18:35:08	1	1	1	0
      135	2017-10-24 18:35:32	1	1	1	0
      103	2017-10-24 18:35:39	1	1	1	0
      104	2017-10-24 18:35:49	1	1	1	0
       96	2017-10-24 18:36:16	1	1	1	0
      116	2017-10-24 18:36:19	1	1	1	0
       48	2017-10-24 18:36:24	1	1	1	0
      120	2017-10-24 18:36:28	1	1	1	0
       97	2017-10-24 18:36:32	1	1	1	0
       97	2017-10-24 18:36:33	1	1	1	0
      107	2017-10-24 18:36:55	1	1	1	0
      107	2017-10-24 18:36:57	1	1	1	0
      107	2017-10-24 18:36:59	1	1	1	0
      118	2017-10-24 18:37:04	1	1	1	0
      118	2017-10-24 18:37:05	1	1	1	0
      151	2017-10-24 18:37:07	1	1	1	0
      151	2017-10-24 18:37:09	1	1	1	0
       98	2017-10-24 18:40:49	1	1	1	0
      140	2017-10-24 18:42:11	1	1	1	0
      140	2017-10-24 18:42:18	1	1	1	0
       69	2017-10-24 18:43:11	1	1	1	0
      111	2017-10-24 18:43:16	1	1	1	0
       92	2017-10-24 18:43:26	1	1	1	0
      136	2017-10-24 18:44:46	1	1	1	0
      142	2017-10-24 18:44:52	1	1	1	0
      141	2017-10-24 18:44:56	1	1	1	0
      115	2017-10-24 18:45:01	1	1	1	0
      110	2017-10-24 18:45:03	1	1	1	0
       78	2017-10-24 18:45:25	1	1	1	0
       78	2017-10-24 18:46:23	1	1	1	0
        4	2017-10-24 19:09:52	1	1	1	0
       13	2017-10-24 19:28:14	1	1	1	0
       55	2017-10-24 19:36:49	1	1	1	0
      149	2017-10-24 19:36:58	1	1	1	0
       74	2017-10-24 19:54:45	1	1	1	0
      101	2017-10-24 19:54:52	1	1	1	0
      150	2017-10-25 07:12:46	1	0	1	0
      123	2017-10-25 07:13:25	1	0	1	0
      104	2017-10-25 07:13:30	1	0	1	0
      121	2017-10-25 07:14:33	1	0	1	0
      137	2017-10-25 07:16:25	1	0	1	0
      140	2017-10-25 07:20:15	1	0	1	0
      140	2017-10-25 07:20:21	1	0	1	0
      101	2017-10-25 07:43:44	1	0	1	0
       43	2017-10-25 07:47:47	1	0	1	0
       97	2017-10-25 07:48:12	1	0	1	0
      122	2017-10-25 07:55:45	1	0	1	0
       92	2017-10-25 08:08:06	1	0	1	0
      115	2017-10-25 08:08:34	1	0	1	0
      141	2017-10-25 08:15:02	1	0	1	0
       69	2017-10-25 08:17:05	1	0	1	0
      111	2017-10-25 08:18:47	1	0	1	0
      116	2017-10-25 08:23:01	1	0	1	0
      145	2017-10-25 08:23:28	1	0	1	0
      145	2017-10-25 08:23:30	1	0	1	0
      144	2017-10-25 08:23:37	1	0	1	0
      107	2017-10-25 08:24:53	1	0	1	0
      107	2017-10-25 08:24:55	1	0	1	0
      107	2017-10-25 08:24:58	1	0	1	0
      145	2017-10-25 08:25:00	1	0	1	0
      125	2017-10-25 08:25:22	1	0	1	0
      142	2017-10-25 08:26:40	1	0	1	0
      132	2017-10-25 08:27:15	1	0	1	0
      125	2017-10-25 08:27:19	1	0	1	0
       93	2017-10-25 08:27:56	1	0	1	0
      110	2017-10-25 08:35:28	1	0	1	0
       48	2017-10-25 08:36:07	1	0	1	0
      131	2017-10-25 08:40:20	1	0	1	0
      131	2017-10-25 08:40:25	1	0	1	0
        4	2017-10-25 08:42:11	1	0	1	0
      124	2017-10-25 08:44:57	1	0	1	0
      124	2017-10-25 08:45:07	1	0	1	0
       55	2017-10-25 08:46:14	1	0	1	0
      136	2017-10-25 08:47:39	1	0	1	0
      133	2017-10-25 08:50:23	1	0	1	0
       13	2017-10-25 08:57:26	1	0	1	0
      129	2017-10-25 09:05:57	1	0	1	0
      129	2017-10-25 09:06:01	1	0	1	0
      120	2017-10-25 09:16:47	1	0	1	0
       88	2017-10-25 09:24:25	1	0	1	0
      118	2017-10-25 09:58:51	1	0	1	0
      151	2017-10-25 09:59:10	1	0	1	0
       98	2017-10-25 10:16:15	1	0	1	0
      114	2017-10-25 10:42:21	1	0	1	0
      108	2017-10-25 11:26:34	1	0	1	0
      145	2017-10-25 18:30:31	1	1	1	0
      145	2017-10-25 18:30:33	1	1	1	0
      104	2017-10-25 18:32:07	1	0	1	0
      104	2017-10-25 18:32:11	1	0	1	0
      122	2017-10-25 18:32:47	1	1	1	0
      129	2017-10-25 18:32:51	1	1	1	0
      129	2017-10-25 18:32:55	1	1	1	0
      125	2017-10-25 18:33:14	1	1	1	0
      144	2017-10-25 18:33:20	1	1	1	0
      150	2017-10-25 18:33:37	1	0	1	0
      131	2017-10-25 18:33:46	1	1	1	0
      131	2017-10-25 18:33:48	1	1	1	0
      136	2017-10-25 18:33:53	1	1	1	0
       97	2017-10-25 18:34:19	1	1	1	0
      128	2017-10-25 18:35:15	1	1	1	0
      137	2017-10-25 18:37:58	1	0	1	0
      137	2017-10-25 18:38:32	1	0	1	0
      120	2017-10-25 18:38:43	1	1	1	0
      110	2017-10-25 18:38:48	1	1	1	0
       48	2017-10-25 18:39:10	1	1	1	0
       43	2017-10-25 18:39:34	1	1	1	0
      134	2017-10-25 18:40:32	1	1	1	0
      127	2017-10-25 18:40:37	1	1	1	0
      101	2017-10-25 18:40:54	1	1	1	0
      121	2017-10-25 18:41:08	1	1	1	0
       98	2017-10-25 18:41:14	1	1	1	0
      116	2017-10-25 18:41:20	1	1	1	0
      142	2017-10-25 18:41:28	1	1	1	0
      141	2017-10-25 18:41:32	1	1	1	0
       92	2017-10-25 18:41:40	1	1	1	0
      133	2017-10-25 18:42:53	1	1	1	0
      115	2017-10-25 18:44:25	1	1	1	0
      111	2017-10-25 18:48:53	1	1	1	0
      118	2017-10-25 18:49:04	1	1	1	0
      108	2017-10-25 18:49:26	1	1	1	0
      118	2017-10-25 18:49:29	1	1	1	0
      118	2017-10-25 18:49:31	1	1	1	0
       78	2017-10-25 18:49:37	1	1	1	0
       93	2017-10-25 18:51:14	1	1	1	0
CHECKSUM=1897976257